1023
1022
1021
1020
1019
1018
6
7
8
1014
10
11
12
1010
14
15
16
1006
18
19
1003
1002
22
1000
999
25
26
996
995
29
30
992
32
33
989
988
987
37
985
984
983
41
42
980
979
45
977
47
975
974
50
972
52
970
54
55
967
57
58
964
963
61
62
960
64
958
957
67
955
954
953
952
72
73
949
948
76
77
78
944
943
81
941
940
84
938
86
936
88
89
90
91
931
93
929
928
927
97
98
99
100
922
921
920
919
105
106
107
108
109
913
111
112
910
114
115
116
117
905
119
120
121
901
900
899
898
897
127
128
129
130
131
891
890
889
135
136
886
885
139
883
141
142
143
879
878
877
147
148
149
873
872
871
153
154
155
867
866
865
159
863
161
162
163
859
858
857
856
168
169
170
852
851
173
849
848
176
177
178
179
843
181
182
840
184
838
837
187
188
189
190
191
831
193
194
828
827
826
825
199
823
822
821
820
204
205
817
207
208
209
210
812
212
810
214
808
807
806
805
219
220
221
801
223
799
798
797
227
795
229
793
792
791
233
234
235
787
237
785
239
240
782
781
780
779
778
777
247
775
774
250
772
771
253
769
768
256
766
258
259
763
261
262
760
759
758
757
267
268
754
270
752
272
750
749
275
747
277
745
279
280
281
741
283
284
738
286
736
735
289
290
291
731
730
294
295
727
297
298
299
300
722
302
303
304
305
717
716
715
714
310
311
312
313
314
708
316
706
318
319
320
321
701
700
324
698
697
696
328
694
330
692
332
333
334
335
687
337
338
684
683
341
342
343
679
345
346
676
348
349
673
672
352
353
354
668
667
666
358
359
663
361
661
660
659
658
657
656
368
369
370
652
372
373
374
648
647
377
645
379
380
381
382
640
384
385
637
387
388
634
390
391
631
393
394
628
627
397
625
624
623
401
402
620
404
618
406
616
408
614
410
612
611
413
414
608
607
417
605
419
603
421
422
600
599
598
426
427
428
594
430
431
432
433
589
435
587
586
438
584
440
582
581
580
579
445
446
576
575
574
573
451
452
453
454
455
567
457
458
459
460
562
462
463
464
465
466
467
468
469
553
471
551
473
549
475
476
546
545
544
480
542
541
540
539
485
486
536
535
534
533
491
492
493
494
495
527
497
498
499
523
522
502
520
519
518
506
516
508
509
510
512
512
510
509
508
507
506
505
504
503
521
501
500
499
525
526
496
495
529
493
492
532
490
534
535
536
537
485
539
540
541
542
543
544
545
546
547
548
549
550
551
471
470
469
555
556
557
465
559
560
561
562
460
459
458
457
567
455
454
570
452
451
450
449
448
447
446
578
444
443
442
441
440
584
438
437
436
588
434
433
432
431
593
594
428
427
597
598
424
600
601
602
420
419
418
606
416
608
609
610
611
612
410
614
408
407
406
618
619
620
621
622
400
624
398
397
627
395
629
630
631
632
633
389
635
636
637
638
639
640
382
381
643
379
645
646
647
375
649
373
651
652
653
369
368
367
366
658
364
363
661
662
663
664
665
357
667
668
354
670
671
672
673
349
348
347
677
345
344
680
681
341
340
684
685
337
687
335
334
690
691
331
693
694
328
327
697
325
699
700
322
321
320
704
705
706
316
708
709
710
312
311
310
309
308
307
717
305
304
720
302
722
300
299
725
297
296
295
294
730
731
732
733
289
288
287
286
738
284
283
741
742
280
279
278
746
747
275
274
273
751
271
270
754
755
756
757
758
759
263
262
762
260
764
765
257
256
768
254
770
252
772
773
774
775
247
246
778
244
780
242
782
240
239
785
237
236
788
789
790
791
792
793
794
795
227
226
225
224
800
801
802
803
804
218
806
807
215
214
810
212
812
813
209
815
207
206
205
819
203
202
822
200
199
198
197
827
195
829
830
831
832
190
834
835
187
837
185
184
183
182
181
180
179
845
846
176
175
849
850
851
852
170
854
168
167
857
165
164
860
861
161
863
159
865
157
867
155
154
153
871
151
873
874
148
876
877
878
144
880
881
141
140
139
885
137
136
135
134
133
132
131
130
129
895
896
126
898
899
900
122
902
903
904
118
906
907
115
909
910
911
111
110
914
915
107
917
105
104
103
102
922
100
924
98
926
927
95
94
93
931
91
933
89
88
87
86
85
84
940
82
942
943
79
945
946
76
948
949
950
72
952
953
69
68
956
957
65
64
960
62
61
60
964
58
57
967
968
969
53
52
972
50
974
975
47
46
978
44
980
981
41
40
39
985
37
987
988
34
33
32
31
993
29
28
27
997
25
24
23
1001
1002
1003
19
18
1006
16
1008
14
1010
12
11
1013
9
1015
1016
1017
1018
4
1020
2
1022
1023
