0
1
1021
1020
4
1018
6
1016
8
9
10
11
12
1010
14
15
1007
17
18
19
1003
21
1001
23
24
25
26
996
28
994
993
992
32
33
34
35
36
37
38
39
40
41
42
43
44
45
46
47
48
49
973
51
52
53
54
55
967
966
965
964
60
61
961
63
64
65
66
67
68
69
70
71
72
73
74
948
76
77
945
79
80
81
82
83
84
85
86
87
88
89
933
91
931
93
94
95
96
926
98
99
100
101
921
920
104
105
106
107
108
914
110
111
911
113
909
115
116
117
118
119
903
121
122
123
899
898
126
896
128
129
130
131
132
133
134
135
136
137
138
139
140
141
142
143
144
145
146
147
148
149
150
872
871
153
869
155
156
866
158
864
160
161
162
163
164
165
166
856
168
169
853
852
172
173
174
175
176
177
178
179
180
181
182
183
184
185
186
187
188
189
190
191
831
193
194
195
196
197
825
199
200
822
202
203
819
205
817
207
208
209
210
211
212
213
809
215
216
217
218
219
803
802
222
223
224
225
797
227
228
229
230
792
232
233
234
235
236
237
238
239
783
241
242
243
244
778
246
247
248
249
250
251
252
770
254
768
256
257
258
764
763
261
262
263
264
758
757
267
755
269
753
271
751
273
274
275
747
746
278
744
280
742
282
283
284
285
286
287
735
289
290
291
292
730
294
295
727
297
725
724
723
301
302
303
304
305
717
307
715
309
310
712
711
313
314
315
316
706
705
319
703
321
322
323
324
325
326
327
695
329
330
331
332
333
689
335
687
686
338
339
683
682
681
343
679
678
346
676
675
674
673
351
352
670
354
355
356
357
665
359
360
361
661
660
659
365
366
656
368
369
370
371
372
373
649
375
647
377
378
379
380
642
382
640
639
385
386
387
388
389
390
632
392
393
394
395
396
397
398
399
623
622
402
403
404
405
406
407
408
409
410
411
412
413
414
415
416
606
418
419
420
602
601
423
599
598
426
427
428
429
430
431
432
590
434
435
436
437
438
439
440
441
442
443
444
445
577
447
448
449
450
451
452
453
454
455
456
457
458
459
460
461
561
560
464
465
466
556
468
469
553
471
472
473
549
475
547
477
545
479
480
481
482
483
484
485
486
536
535
489
490
532
531
493
494
495
496
497
498
524
500
501
502
503
504
505
506
507
508
509
510
511
512
513
514
515
516
517
518
519
520
502
522
523
524
498
526
527
528
529
530
531
491
533
534
535
536
537
538
539
483
541
481
543
544
478
546
547
475
549
550
472
471
553
554
555
467
466
558
559
560
561
461
563
564
458
566
567
568
454
570
571
572
450
449
448
576
577
578
579
580
581
441
583
584
585
437
587
435
589
433
432
431
593
429
595
596
426
598
599
600
601
602
603
604
418
606
607
415
414
413
611
411
613
614
408
616
617
618
404
403
402
622
623
399
398
397
627
628
629
630
631
632
633
389
635
636
637
638
384
383
641
642
380
644
645
377
647
648
649
373
651
371
653
654
655
656
657
658
364
660
661
361
360
359
665
666
667
355
354
670
671
672
350
674
348
347
346
678
679
680
681
682
683
684
338
686
336
688
689
333
691
331
330
694
695
696
697
325
699
700
701
702
703
319
705
706
707
315
709
313
312
712
713
309
715
307
306
305
719
303
721
722
300
724
725
297
727
728
729
730
731
732
290
734
735
736
737
738
739
740
741
742
743
279
745
746
747
748
749
750
751
752
753
754
268
756
757
265
759
263
262
762
763
259
765
766
767
255
769
770
252
772
773
249
775
247
777
778
779
780
781
782
783
784
785
786
787
788
789
233
791
792
793
794
228
796
797
798
799
800
801
802
803
804
805
806
216
215
214
810
811
812
813
814
815
816
817
818
819
820
821
822
823
824
825
826
827
828
829
193
192
191
833
834
188
836
186
838
184
840
841
842
180
179
178
846
847
175
849
850
851
171
853
854
855
167
857
858
859
163
861
161
863
864
865
157
867
868
154
870
152
872
873
874
148
876
877
145
879
880
881
882
140
139
138
137
887
888
889
133
132
892
893
894
895
896
897
898
124
123
901
121
120
904
905
117
116
908
114
910
911
912
110
914
108
916
917
918
919
103
921
101
100
924
925
926
96
95
929
93
931
91
933
934
935
936
937
938
939
940
82
942
80
944
945
946
76
948
74
950
951
952
953
954
955
956
957
65
64
960
961
962
60
964
58
966
967
968
54
53
971
972
973
974
975
976
977
978
44
980
42
982
983
984
985
986
987
988
989
990
991
992
993
29
28
996
997
998
999
1000
22
1002
1003
1004
1005
1006
1007
15
1009
1010
12
1012
1013
1014
1015
1016
1017
1018
1019
1020
1021
1022
0
