1023
1
2
1020
1019
1018
1017
7
1015
1014
1013
1012
1011
1010
1009
1008
16
1006
1005
1004
1003
1002
1001
1000
999
998
997
996
995
29
993
992
32
33
989
988
987
986
38
984
983
41
42
980
979
978
46
976
48
49
973
51
971
970
54
968
967
966
965
964
963
61
961
63
959
958
66
956
955
954
70
71
72
73
949
948
947
946
945
944
80
81
941
940
939
938
86
936
935
934
933
932
931
930
94
928
96
926
925
99
923
922
921
103
919
918
106
916
915
914
913
111
911
910
114
908
116
117
905
904
903
902
901
900
124
898
897
896
895
129
130
892
891
890
134
888
887
886
138
884
883
882
881
143
879
878
146
876
875
149
873
872
871
870
869
155
867
866
865
864
863
161
861
860
859
165
857
856
855
169
853
852
851
850
174
848
847
177
845
844
843
842
841
183
184
185
186
836
188
834
833
832
831
830
829
828
827
826
198
824
200
822
821
203
819
205
206
207
815
209
813
812
811
810
809
808
807
806
805
804
803
802
801
800
224
225
797
227
228
794
793
792
791
790
789
788
787
786
238
239
783
782
242
780
779
245
777
247
775
774
773
772
771
770
254
255
767
766
765
764
763
762
761
263
759
758
266
267
755
754
753
752
751
750
749
275
747
746
745
279
743
742
282
283
739
738
737
287
735
734
733
732
731
730
729
728
727
726
725
299
723
301
721
720
719
718
717
716
715
714
713
712
711
313
709
315
707
706
705
319
703
702
701
700
699
698
697
696
695
694
693
692
691
333
689
335
336
686
685
339
683
682
681
680
679
345
677
676
348
349
673
351
671
670
669
668
356
666
358
664
663
662
362
363
659
658
366
367
655
654
370
652
372
650
649
648
647
377
378
379
380
642
641
640
384
638
637
636
635
634
633
632
392
630
629
628
627
397
625
624
623
622
621
620
404
618
617
616
615
614
410
411
611
610
609
608
416
606
605
604
603
421
601
600
599
598
597
596
595
594
593
592
591
590
589
588
436
586
585
584
583
582
581
580
444
578
577
576
575
574
573
451
571
570
569
455
567
566
565
564
460
562
561
560
559
465
557
556
555
554
553
552
472
550
549
548
547
546
545
479
480
481
541
483
539
538
486
536
535
534
533
532
531
493
529
528
527
526
525
524
500
522
502
520
519
518
517
507
515
514
513
512
511
510
509
508
516
506
505
504
503
502
501
500
499
498
497
496
528
494
493
492
532
490
489
488
487
486
485
484
483
482
542
543
479
478
477
476
475
474
473
472
471
470
554
468
467
466
465
464
463
462
461
563
459
458
566
567
568
454
570
452
451
450
449
575
447
446
445
444
580
581
582
440
439
438
437
436
588
589
433
432
592
430
594
595
427
426
598
424
423
422
421
420
604
418
417
416
415
609
610
412
411
613
409
408
407
406
405
404
403
402
401
400
399
398
397
627
395
394
393
631
391
390
389
635
387
637
638
384
640
382
381
380
379
378
377
376
375
649
373
651
371
370
369
368
656
366
365
364
363
362
361
360
664
665
357
667
355
354
353
352
351
350
349
675
347
346
345
344
343
681
341
340
339
338
337
336
335
689
333
332
331
330
329
695
327
326
698
324
700
701
702
320
319
318
317
316
708
314
710
711
311
310
309
308
716
306
305
304
303
302
301
723
299
298
297
296
295
294
293
292
291
290
289
288
287
737
285
284
283
282
281
743
744
278
277
276
748
274
273
751
752
270
269
268
267
266
758
759
263
262
261
763
259
258
257
256
255
254
253
252
772
250
774
775
247
246
245
244
243
781
241
240
239
238
786
236
235
789
233
232
792
230
794
795
227
226
225
224
223
222
221
220
219
805
806
216
215
214
213
212
211
210
209
208
816
206
205
204
820
202
201
200
199
198
197
196
195
194
830
192
191
190
189
188
187
837
185
184
840
182
181
180
179
845
177
176
175
174
173
172
171
170
169
168
167
857
858
859
163
861
161
160
159
865
157
867
155
154
153
152
151
873
874
875
147
146
145
144
880
142
141
140
884
885
137
887
135
134
133
891
131
130
129
128
896
126
125
124
123
122
121
120
904
118
906
116
115
909
113
112
111
913
109
108
107
106
105
104
103
102
101
923
99
98
97
927
95
94
93
92
91
90
89
935
87
86
85
939
83
82
81
80
944
78
77
947
948
949
950
72
71
70
954
955
67
66
65
64
63
62
61
60
59
58
57
56
55
54
53
971
972
50
49
48
47
46
45
44
43
42
41
40
39
38
986
36
35
34
990
32
31
30
29
28
27
26
998
24
23
22
21
1003
19
18
17
16
15
14
13
1011
11
10
1014
8
1016
6
5
4
3
2
1022
0
