16383
16382
16381
3
16379
5
16377
16376
16375
9
16373
16372
16371
16370
14
16368
16367
16366
16365
16364
20
16362
16361
16360
16359
16358
26
16356
16355
16354
16353
16352
16351
16350
16349
16348
16347
37
16345
16344
16343
16342
16341
16340
16339
45
16337
47
16335
49
16333
16332
16331
16330
16329
16328
16327
16326
16325
16324
16323
16322
62
16320
16319
65
16317
16316
16315
16314
16313
16312
16311
16310
16309
16308
76
16306
16305
16304
16303
81
16301
83
16299
16298
86
16296
16295
16294
90
16292
92
93
16289
16288
16287
97
98
16284
16283
16282
16281
16280
16279
16278
16277
16276
16275
16274
16273
16272
16271
16270
114
115
16267
16266
118
119
120
16262
16261
16260
16259
125
16257
16256
16255
16254
16253
16252
16251
133
134
16248
136
16246
16245
16244
16243
16242
16241
16240
16239
16238
146
147
16235
16234
16233
16232
152
16230
16229
16228
16227
16226
16225
16224
16223
161
162
16220
16219
16218
16217
16216
16215
16214
170
171
16211
16210
16209
16208
176
177
16205
16204
16203
16202
182
16200
16199
16198
16197
16196
16195
16194
190
191
16191
16190
16189
195
16187
197
16185
16184
16183
16182
202
203
16179
205
16177
16176
16175
16174
16173
211
16171
213
16169
215
216
16166
218
16164
16163
16162
16161
16160
16159
16158
16157
16156
16155
16154
230
16152
16151
233
16149
16148
16147
16146
16145
16144
240
16142
16141
16140
244
16138
16137
247
248
16134
16133
16132
252
253
254
16128
16127
16126
258
16124
260
16122
262
16120
264
16118
16117
16116
16115
16114
16113
271
272
16110
16109
16108
16107
16106
16105
16104
16103
16102
16101
283
16099
16098
16097
16096
16095
289
16093
16092
16091
16090
16089
295
16087
297
16085
16084
16083
16082
16081
16080
304
16078
16077
16076
16075
309
16073
16072
16071
16070
16069
16068
16067
16066
318
16064
16063
16062
16061
16060
324
16058
16057
16056
16055
329
16053
16052
16051
333
16049
16048
16047
16046
16045
16044
16043
16042
342
16040
344
345
346
16036
348
16034
16033
16032
16031
16030
354
16028
16027
357
16025
16024
16023
361
362
16020
364
16018
366
16016
16015
369
370
371
16011
16010
16009
16008
16007
377
16005
379
16003
381
16001
16000
15999
15998
15997
387
15995
389
15993
391
15991
393
15989
395
15987
15986
398
15984
15983
15982
402
15980
15979
405
406
407
408
409
15973
411
15971
15970
15969
415
15967
15966
418
15964
15963
15962
15961
423
424
15958
15957
15956
15955
429
430
15952
15951
433
434
15948
436
15946
438
439
15943
15942
15941
15940
444
15938
446
15936
15935
15934
450
15932
452
15930
15929
15928
15927
15926
15925
15924
15923
461
462
15920
15919
15918
15917
15916
15915
469
15913
15912
15911
15910
15909
15908
476
15906
15905
15904
480
15902
482
483
484
485
15897
15896
15895
15894
490
15892
492
15890
15889
15888
15887
15886
15885
15884
15883
15882
15881
15880
504
15878
15877
507
15875
15874
15873
15872
15871
15870
15869
15868
15867
15866
15865
519
15863
15862
15861
523
524
15858
526
15856
15855
15854
530
15852
15851
15850
15849
15848
15847
15846
15845
15844
15843
541
542
543
15839
15838
15837
547
15835
15834
15833
15832
15831
553
15829
15828
15827
557
15825
15824
15823
561
562
563
15819
15818
15817
15816
15815
15814
15813
15812
15811
15810
15809
15808
15807
577
15805
15804
15803
15802
15801
15800
15799
585
586
15796
15795
15794
15793
591
15791
593
594
595
15787
15786
15785
15784
15783
601
15781
15780
15779
15778
15777
607
15775
15774
610
15772
15771
15770
15769
15768
15767
15766
15765
15764
15763
15762
15761
623
15759
15758
15757
15756
15755
629
630
15752
15751
15750
15749
15748
15747
15746
15745
15744
640
641
15741
643
15739
645
15737
15736
15735
15734
15733
15732
652
15730
654
15728
15727
657
15725
15724
660
661
15721
663
664
15718
15717
667
15715
669
670
15712
15711
15710
15709
15708
15707
15706
15705
679
680
15702
15701
15700
15699
685
15697
15696
15695
15694
15693
15692
15691
15690
15689
15688
15687
15686
15685
15684
15683
701
15681
703
15679
15678
15677
707
15675
15674
15673
15672
712
15670
15669
15668
15667
15666
15665
15664
15663
15662
15661
15660
724
725
15657
15656
15655
15654
15653
15652
15651
733
15649
15648
15647
737
15645
739
15643
15642
15641
15640
15639
745
15637
15636
15635
15634
15633
15632
15631
15630
15629
15628
15627
757
15625
15624
760
761
15621
15620
764
15618
766
15616
15615
15614
15613
15612
772
15610
774
15608
15607
15606
778
15604
15603
15602
15601
783
15599
15598
15597
787
15595
789
15593
791
15591
793
15589
795
15587
15586
15585
15584
15583
15582
15581
15580
15579
805
15577
15576
15575
809
15573
15572
15571
15570
15569
815
15567
817
15565
15564
15563
15562
15561
15560
15559
15558
15557
15556
15555
15554
15553
15552
15551
15550
15549
15548
15547
15546
15545
15544
840
15542
15541
15540
844
15538
15537
15536
15535
15534
15533
15532
852
15530
854
15528
856
857
15525
859
15523
861
15521
15520
15519
865
866
15516
15515
15514
15513
15512
872
873
874
15508
15507
877
15505
15504
15503
881
15501
15500
884
15498
15497
15496
15495
889
15493
891
892
15490
894
15488
896
897
15485
15484
900
15482
902
15480
904
15478
906
15476
15475
15474
15473
15472
912
15470
15469
15468
15467
15466
15465
15464
15463
15462
922
15460
15459
15458
15457
15456
15455
15454
930
15452
15451
933
15449
15448
15447
15446
15445
15444
15443
15442
942
15440
15439
15438
15437
15436
948
15434
15433
15432
952
15430
15429
15428
15427
15426
958
15424
15423
15422
15421
963
15419
965
15417
967
15415
15414
970
15412
15411
15410
15409
975
976
15406
15405
15404
980
15402
15401
15400
15399
15398
15397
15396
988
15394
15393
15392
992
993
15389
15388
996
15386
998
15384
15383
15382
1002
15380
15379
15378
15377
15376
15375
15374
15373
15372
1012
15370
15369
1015
15367
15366
15365
15364
15363
15362
15361
15360
1024
1025
15357
1027
1028
1029
15353
15352
15351
1033
1034
15348
15347
15346
15345
15344
15343
1041
15341
1043
15339
15338
15337
1047
15335
1049
15333
15332
15331
15330
15329
1055
15327
15326
15325
15324
1060
15322
15321
15320
15319
1065
1066
15316
15315
1069
15313
15312
15311
15310
15309
1075
15307
15306
15305
1079
15303
15302
15301
15300
15299
15298
15297
15296
1088
15294
15293
1091
15291
1093
1094
15288
15287
15286
15285
1099
15283
15282
15281
15280
15279
1105
15277
15276
15275
15274
15273
15272
15271
1113
1114
15268
15267
15266
15265
15264
15263
15262
15261
15260
15259
15258
15257
1127
15255
15254
15253
15252
1132
15250
15249
15248
15247
15246
15245
15244
15243
15242
1142
15240
15239
15238
15237
15236
1148
1149
15233
15232
15231
1153
15229
15228
1156
15226
15225
15224
15223
15222
15221
15220
1164
1165
15217
15216
1168
15214
1170
15212
15211
15210
15209
15208
15207
15206
1178
15204
15203
15202
15201
15200
1184
15198
15197
15196
15195
15194
15193
1191
15191
15190
15189
15188
15187
1197
15185
15184
1200
15182
15181
1203
1204
1205
15177
1207
1208
15174
15173
15172
1212
15170
15169
15168
15167
15166
15165
15164
15163
15162
1222
15160
15159
1225
15157
15156
15155
15154
15153
1231
15151
15150
15149
15148
15147
15146
15145
1239
15143
15142
15141
15140
1244
1245
15137
15136
15135
1249
15133
15132
1252
1253
1254
1255
15127
1257
15125
1259
15123
15122
1262
15120
15119
15118
15117
15116
1268
15114
15113
15112
15111
1273
15109
1275
1276
15106
15105
15104
15103
15102
15101
15100
15099
15098
1286
15096
1288
15094
15093
15092
15091
15090
15089
15088
15087
15086
15085
15084
1300
15082
15081
15080
1304
15078
15077
1307
1308
15074
15073
1311
15071
15070
15069
15068
15067
1317
1318
15064
15063
15062
1322
1323
15059
1325
1326
1327
15055
15054
15053
15052
15051
1333
15049
15048
15047
15046
15045
15044
15043
15042
15041
15040
15039
15038
1346
1347
15035
15034
1350
15032
1352
15030
15029
1355
15027
15026
15025
15024
1360
15022
15021
15020
15019
1365
15017
15016
15015
15014
1370
1371
15011
1373
15009
15008
15007
15006
15005
1379
15003
15002
1382
15000
14999
1385
14997
14996
14995
14994
14993
14992
1392
14990
14989
14988
14987
14986
14985
1399
1400
1401
14981
14980
14979
14978
14977
14976
14975
1409
1410
1411
14971
14970
14969
14968
14967
14966
14965
14964
1420
14962
14961
14960
14959
14958
14957
14956
1428
14954
14953
14952
1432
14950
14949
14948
14947
14946
14945
14944
14943
14942
14941
14940
14939
14938
14937
14936
1448
14934
1450
14932
1452
14930
14929
14928
14927
1457
14925
14924
14923
14922
14921
14920
14919
14918
14917
14916
14915
14914
14913
1471
14911
14910
1474
14908
14907
1477
14905
14904
14903
14902
14901
14900
14899
14898
1486
14896
14895
14894
14893
14892
14891
1493
1494
14888
14887
1497
14885
14884
1500
14882
1502
14880
14879
14878
1506
14876
14875
14874
14873
14872
14871
14870
14869
1515
1516
14866
1518
14864
14863
1521
14861
14860
14859
14858
1526
14856
14855
14854
1530
1531
14851
14850
14849
1535
1536
14846
14845
14844
1540
1541
1542
14840
14839
14838
14837
1547
14835
1549
14833
14832
14831
14830
1554
14828
14827
14826
14825
14824
14823
14822
14821
14820
1564
1565
14817
1567
14815
14814
1570
14812
14811
1573
1574
14808
14807
1577
14805
14804
14803
14802
1582
1583
14799
14798
14797
1587
1588
14794
14793
14792
14791
1593
1594
14788
14787
14786
14785
14784
1600
14782
14781
14780
1604
14778
1606
14776
1608
14774
14773
14772
14771
14770
14769
14768
14767
14766
14765
1619
14763
1621
14761
14760
14759
14758
1626
14756
14755
14754
1630
14752
14751
14750
1634
14748
14747
14746
14745
1639
14743
1641
14741
1643
1644
14738
1646
14736
14735
14734
1650
14732
14731
1653
14729
1655
1656
14726
14725
14724
1660
1661
14721
14720
14719
14718
14717
1667
14715
1669
14713
14712
14711
14710
1674
14708
1676
14706
14705
14704
14703
14702
14701
14700
1684
1685
1686
14696
14695
1689
14693
14692
1692
14690
14689
14688
1696
14686
1698
14684
1700
14682
1702
1703
14679
14678
1706
1707
1708
1709
1710
14672
14671
1713
1714
14668
14667
14666
14665
14664
14663
1721
14661
14660
14659
1725
14657
14656
1728
14654
14653
14652
14651
1733
1734
14648
1736
14646
14645
1739
14643
14642
14641
14640
14639
14638
1746
1747
1748
14634
1750
14632
14631
14630
14629
1755
1756
14626
1758
14624
14623
14622
1762
1763
14619
14618
14617
14616
14615
1769
14613
14612
14611
14610
1774
14608
14607
1777
14605
1779
14603
14602
14601
14600
14599
14598
14597
14596
14595
14594
14593
14592
14591
14590
1794
14588
14587
14586
14585
1799
14583
14582
14581
14580
14579
1805
14577
14576
14575
14574
14573
14572
14571
14570
14569
14568
14567
14566
14565
14564
14563
1821
1822
1823
14559
1825
14557
14556
14555
14554
14553
14552
1832
14550
14549
14548
14547
1837
1838
14544
14543
1841
14541
1843
14539
14538
1846
14536
14535
14534
1850
1851
1852
14530
14529
1855
14527
14526
14525
14524
14523
14522
14521
14520
1864
14518
14517
14516
14515
1869
14513
14512
14511
14510
14509
14508
14507
1877
1878
1879
14503
14502
14501
1883
14499
1885
14497
1887
14495
1889
1890
14492
14491
14490
14489
14488
1896
1897
14485
1899
14483
14482
14481
14480
14479
14478
1906
14476
14475
14474
14473
14472
1912
1913
1914
14468
14467
14466
1918
14464
14463
14462
1922
14460
14459
1925
14457
14456
1928
14454
14453
14452
1932
14450
1934
14448
14447
1937
14445
14444
1940
14442
1942
14440
14439
14438
14437
14436
14435
14434
14433
14432
14431
14430
14429
14428
1956
14426
1958
1959
14423
1961
14421
1963
14419
14418
14417
14416
14415
14414
1970
14412
14411
14410
14409
14408
14407
1977
14405
14404
1980
1981
14401
1983
14399
14398
1986
14396
14395
14394
14393
1991
14391
14390
1994
14388
14387
1997
14385
14384
14383
14382
14381
2003
14379
14378
14377
14376
2008
14374
14373
14372
14371
14370
14369
2015
14367
2017
2018
2019
14363
14362
2022
2023
14359
14358
14357
2027
2028
14354
2030
14352
14351
14350
14349
14348
14347
14346
14345
14344
14343
2041
2042
14340
14339
14338
14337
14336
14335
14334
14333
14332
14331
14330
14329
14328
14327
14326
14325
2059
14323
14322
14321
2063
14319
14318
14317
14316
14315
14314
14313
2071
14311
14310
14309
14308
14307
14306
14305
14304
14303
14302
2082
14300
2084
14298
14297
2087
2088
14294
2090
2091
14291
2093
14289
14288
14287
2097
14285
14284
14283
14282
2102
14280
14279
14278
14277
14276
14275
14274
2110
2111
14271
14270
14269
14268
14267
14266
2118
2119
14263
2121
2122
14260
14259
14258
2126
14256
2128
14254
2130
14252
14251
14250
2134
2135
2136
14246
14245
14244
14243
2141
14241
14240
14239
14238
14237
14236
14235
2149
2150
2151
2152
14230
14229
14228
2156
2157
2158
14224
14223
14222
14221
14220
2164
14218
14217
2167
2168
14214
14213
14212
2172
14210
14209
14208
14207
2177
14205
2179
2180
14202
14201
2183
14199
14198
14197
2187
2188
14194
14193
14192
2192
14190
14189
14188
2196
14186
2198
14184
2200
14182
14181
14180
2204
14178
14177
14176
2208
14174
2210
2211
14171
14170
14169
2215
14167
14166
14165
14164
14163
14162
14161
2223
14159
2225
2226
14156
14155
14154
14153
2231
14151
14150
14149
14148
14147
14146
14145
14144
14143
14142
2242
14140
14139
14138
2246
14136
14135
14134
2250
14132
2252
14130
2254
14128
14127
14126
14125
14124
14123
14122
14121
14120
14119
14118
14117
14116
14115
14114
2270
14112
14111
14110
14109
2275
14107
14106
2278
14104
2280
14102
14101
14100
14099
14098
14097
14096
14095
2289
14093
14092
2292
14090
14089
14088
2296
14086
14085
2299
14083
14082
14081
14080
14079
14078
14077
14076
14075
14074
14073
14072
14071
2313
2314
14068
2316
14066
14065
14064
14063
2321
14061
14060
14059
14058
14057
14056
2328
14054
14053
14052
14051
2333
14049
14048
14047
2337
14045
14044
14043
14042
14041
14040
14039
14038
14037
14036
14035
14034
14033
14032
14031
14030
14029
2355
14027
14026
14025
14024
14023
14022
14021
14020
2364
14018
14017
14016
14015
14014
14013
14012
14011
14010
14009
14008
14007
14006
2378
14004
2380
14002
14001
14000
13999
2385
13997
13996
2388
13994
13993
13992
13991
13990
13989
13988
2396
13986
13985
2399
13983
13982
13981
13980
13979
13978
13977
13976
13975
13974
13973
13972
13971
13970
2414
13968
13967
13966
2418
13964
2420
13962
13961
13960
13959
13958
13957
13956
13955
13954
2430
13952
13951
2433
13949
13948
2436
13946
13945
2439
13943
13942
13941
2443
13939
2445
2446
13936
2448
13934
13933
13932
13931
13930
13929
13928
13927
13926
13925
13924
2460
2461
13921
13920
2464
2465
2466
13916
13915
13914
13913
2471
2472
13910
13909
13908
13907
13906
2478
13904
2480
13902
13901
2483
2484
13898
13897
13896
13895
13894
13893
2491
13891
2493
13889
2495
13887
13886
2498
13884
13883
13882
13881
2503
2504
13878
13877
13876
13875
13874
13873
13872
13871
13870
2514
13868
13867
13866
13865
13864
13863
13862
2522
13860
13859
13858
13857
2527
13855
13854
13853
13852
2532
13850
2534
13848
13847
13846
13845
2539
13843
13842
13841
13840
13839
13838
13837
13836
13835
2549
13833
13832
2552
13830
13829
2555
13827
2557
2558
13824
13823
13822
13821
2563
13819
2565
2566
13816
13815
13814
13813
2571
13811
13810
13809
2575
13807
13806
13805
13804
13803
13802
13801
13800
2584
2585
13797
13796
13795
13794
13793
13792
13791
2593
13789
13788
13787
2597
13785
13784
13783
13782
13781
13780
13779
13778
13777
13776
13775
2609
13773
13772
2612
13770
13769
13768
2616
2617
13765
13764
13763
2621
13761
13760
2624
2625
2626
13756
13755
13754
13753
13752
13751
13750
13749
13748
2636
13746
2638
13744
13743
13742
13741
13740
13739
13738
13737
13736
13735
13734
13733
2651
13731
13730
13729
2655
2656
13726
13725
2659
13723
13722
13721
2663
13719
13718
13717
2667
13715
2669
2670
13712
2672
13710
13709
13708
2676
13706
13705
2679
13703
13702
13701
2683
2684
2685
2686
13696
13695
13694
13693
13692
2692
2693
2694
13688
13687
13686
13685
2699
2700
13682
2702
13680
13679
13678
13677
13676
13675
13674
13673
13672
13671
13670
13669
13668
2716
13666
13665
2719
2720
13662
13661
13660
13659
13658
2726
13656
13655
13654
13653
13652
13651
13650
13649
13648
13647
13646
13645
2739
13643
13642
13641
13640
13639
13638
2746
13636
13635
13634
13633
2751
13631
13630
13629
13628
2756
13626
13625
13624
13623
13622
13621
13620
13619
13618
13617
13616
2768
13614
2770
13612
13611
2773
13609
13608
13607
2777
13605
13604
13603
13602
13601
2783
13599
13598
2786
13596
13595
13594
13593
13592
13591
13590
13589
13588
13587
13586
13585
13584
2800
13582
13581
13580
13579
13578
13577
13576
13575
13574
2810
13572
13571
13570
13569
13568
13567
13566
13565
13564
13563
2821
13561
2823
13559
13558
13557
13556
13555
2829
13553
2831
13551
13550
13549
13548
13547
13546
13545
13544
2840
13542
13541
13540
13539
13538
13537
2847
2848
13534
2850
2851
13531
13530
13529
13528
2856
13526
13525
2859
13523
13522
2862
2863
13519
2865
13517
13516
13515
13514
13513
13512
13511
2873
2874
2875
2876
13506
13505
2879
13503
2881
13501
13500
13499
13498
13497
13496
13495
13494
13493
13492
13491
13490
13489
2895
13487
2897
2898
2899
13483
2901
13481
13480
13479
13478
13477
2907
13475
13474
13473
13472
13471
13470
13469
13468
13467
13466
13465
13464
2920
2921
13461
13460
13459
2925
2926
13456
2928
13454
2930
2931
13451
13450
13449
2935
13447
13446
13445
13444
13443
13442
13441
13440
13439
13438
13437
13436
13435
13434
13433
13432
13431
2953
13429
13428
2956
2957
13425
2959
13423
13422
13421
13420
13419
13418
13417
13416
13415
2969
13413
13412
13411
13410
13409
13408
13407
13406
13405
2979
13403
13402
13401
2983
2984
13398
13397
2987
13395
13394
13393
13392
13391
2993
2994
13388
13387
13386
13385
13384
13383
13382
13381
3003
3004
13378
3006
13376
13375
13374
13373
3011
3012
13370
3014
13368
13367
3017
3018
13364
13363
3021
13361
13360
13359
13358
13357
3027
13355
13354
13353
13352
13351
13350
13349
13348
3036
13346
3038
13344
3040
13342
13341
13340
13339
13338
13337
13336
13335
13334
13333
3051
13331
13330
13329
3055
13327
3057
13325
13324
13323
13322
3062
13320
3064
13318
3066
13316
13315
13314
13313
13312
3072
3073
13309
13308
3076
13306
13305
3079
13303
3081
13301
13300
13299
13298
3086
13296
3088
3089
13293
13292
13291
13290
13289
13288
13287
13286
3098
13284
13283
13282
13281
13280
3104
13278
13277
13276
13275
13274
13273
13272
3112
3113
13269
3115
13267
13266
13265
13264
13263
13262
13261
13260
13259
3125
13257
13256
13255
3129
13253
3131
13251
13250
3134
3135
13247
13246
13245
13244
13243
13242
13241
13240
13239
13238
13237
13236
13235
13234
13233
13232
13231
3153
13229
13228
13227
13226
3158
13224
13223
13222
13221
3163
3164
3165
3166
13216
13215
13214
13213
13212
13211
13210
13209
3175
13207
13206
13205
13204
13203
13202
13201
3183
13199
13198
13197
13196
13195
13194
13193
13192
13191
13190
13189
3195
3196
3197
13185
13184
3200
13182
13181
13180
13179
13178
13177
13176
13175
13174
13173
13172
13171
13170
13169
13168
13167
3217
3218
3219
13163
13162
13161
13160
3224
13158
3226
13156
13155
13154
13153
3231
13151
13150
13149
13148
13147
13146
13145
13144
3240
13142
13141
13140
13139
13138
13137
13136
13135
13134
13133
13132
13131
3253
13129
3255
13127
3257
13125
13124
13123
13122
3262
13120
13119
13118
13117
13116
3268
13114
13113
13112
3272
13110
13109
13108
3276
13106
13105
13104
13103
13102
13101
13100
13099
3285
13097
13096
13095
13094
13093
13092
13091
3293
13089
13088
13087
13086
13085
13084
3300
13082
13081
13080
13079
13078
3306
3307
13075
3309
13073
13072
13071
13070
13069
13068
13067
13066
13065
3319
13063
13062
13061
3323
13059
13058
3326
13056
3328
13054
3330
3331
3332
13050
3334
13048
3336
13046
13045
3339
3340
13042
13041
13040
3344
13038
13037
3347
13035
13034
13033
13032
13031
13030
13029
13028
13027
3357
13025
3359
13023
3361
13021
13020
13019
13018
13017
13016
13015
3369
13013
3371
3372
3373
13009
3375
13007
13006
13005
13004
3380
13002
13001
13000
12999
3385
3386
12996
12995
12994
3390
12992
12991
12990
3394
12988
12987
3397
12985
3399
12983
3401
12981
12980
3404
12978
12977
3407
12975
3409
3410
12972
3412
12970
3414
12968
12967
12966
3418
12964
3420
3421
12961
12960
12959
3425
12957
12956
12955
12954
12953
12952
3432
12950
3434
3435
12947
12946
12945
12944
3440
12942
12941
12940
12939
12938
12937
12936
12935
12934
12933
12932
12931
12930
12929
12928
12927
12926
12925
3459
12923
12922
12921
12920
3464
12918
12917
3467
12915
12914
12913
12912
12911
3473
12909
12908
12907
12906
3478
12904
3480
12902
12901
12900
12899
12898
12897
12896
12895
12894
3490
12892
12891
3493
12889
12888
12887
12886
12885
12884
3500
12882
12881
12880
12879
3505
12877
3507
12875
12874
12873
3511
3512
12870
12869
12868
12867
12866
12865
12864
12863
12862
12861
12860
3524
3525
12857
12856
12855
12854
12853
12852
12851
12850
12849
12848
12847
3537
3538
12844
12843
12842
3542
12840
12839
12838
3546
12836
12835
12834
3550
12832
12831
12830
12829
12828
12827
3557
12825
12824
12823
12822
3562
12820
12819
12818
12817
12816
12815
3569
12813
3571
12811
12810
12809
3575
12807
12806
12805
12804
12803
12802
12801
12800
12799
3585
3586
3587
12795
12794
3590
3591
12791
3593
12789
3595
12787
12786
12785
12784
12783
12782
12781
12780
12779
12778
12777
12776
12775
12774
12773
3611
12771
12770
12769
3615
3616
12766
12765
12764
3620
12762
12761
12760
12759
12758
12757
12756
12755
12754
12753
3631
12751
12750
12749
12748
12747
12746
3638
12744
12743
12742
3642
12740
12739
12738
3646
12736
12735
12734
12733
12732
3652
3653
12729
12728
12727
12726
3658
12724
3660
12722
12721
12720
12719
12718
3666
12716
12715
3669
3670
12712
12711
12710
12709
12708
12707
3677
12705
3679
12703
12702
12701
12700
12699
12698
3686
3687
12695
3689
12693
12692
12691
12690
12689
12688
12687
12686
12685
12684
12683
12682
12681
12680
12679
12678
3706
12676
3708
12674
12673
12672
12671
12670
3714
12668
12667
12666
12665
3719
3720
12662
3722
12660
12659
12658
12657
12656
12655
12654
12653
3731
12651
12650
3734
3735
3736
3737
3738
12644
12643
12642
3742
12640
12639
12638
3746
12636
12635
3749
3750
3751
3752
12630
12629
12628
12627
12626
12625
3759
12623
12622
12621
12620
12619
3765
12617
12616
12615
12614
12613
12612
12611
3773
3774
12608
12607
12606
12605
12604
12603
12602
12601
12600
12599
12598
12597
12596
12595
12594
12593
12592
3792
12590
12589
3795
12587
12586
12585
12584
3800
12582
12581
12580
12579
3805
12577
12576
12575
12574
3810
12572
12571
12570
12569
3815
12567
12566
12565
3819
12563
12562
12561
12560
12559
12558
12557
12556
12555
12554
12553
12552
12551
12550
12549
12548
3836
12546
3838
3839
12543
3841
3842
12540
12539
12538
12537
12536
12535
12534
12533
12532
12531
12530
12529
12528
12527
12526
12525
12524
12523
12522
3862
12520
12519
12518
12517
12516
12515
3869
12513
12512
12511
3873
12509
12508
3876
12506
3878
12504
12503
12502
12501
12500
12499
12498
12497
12496
3888
3889
12493
12492
3892
12490
12489
12488
12487
3897
12485
12484
3900
3901
12481
12480
3904
12478
12477
12476
3908
3909
12473
12472
12471
3913
12469
12468
12467
12466
12465
12464
12463
12462
12461
3923
12459
3925
3926
12456
12455
12454
12453
3931
12451
3933
3934
12448
12447
3937
3938
12444
12443
12442
12441
12440
3944
3945
12437
12436
12435
12434
12433
3951
3952
3953
12429
12428
12427
3957
12425
12424
3960
12422
3962
12420
12419
12418
12417
3967
12415
12414
12413
12412
3972
12410
3974
12408
3976
12406
12405
3979
3980
12402
12401
12400
12399
12398
12397
12396
12395
3989
3990
12392
3992
12390
3994
12388
12387
12386
12385
12384
12383
12382
12381
4003
4004
4005
4006
12376
4008
12374
12373
12372
12371
4013
4014
12368
12367
12366
4018
4019
12363
12362
12361
4023
12359
4025
4026
4027
12355
12354
12353
12352
12351
12350
12349
12348
12347
4037
12345
12344
12343
12342
12341
12340
12339
12338
12337
4047
12335
4049
12333
12332
12331
12330
12329
12328
12327
12326
4058
12324
12323
4061
4062
12320
12319
12318
12317
4067
12315
12314
12313
12312
12311
4073
12309
4075
12307
12306
12305
12304
12303
4081
4082
4083
12299
12298
4086
12296
12295
12294
12293
4091
12291
4093
12289
12288
4096
12286
12285
12284
12283
4101
12281
12280
12279
12278
12277
4107
4108
12274
12273
12272
12271
12270
12269
12268
4116
12266
12265
12264
12263
12262
12261
12260
4124
4125
4126
12256
12255
12254
12253
4131
12251
4133
12249
4135
12247
12246
12245
4139
12243
4141
12241
12240
4144
12238
4146
12236
12235
12234
12233
12232
12231
12230
4154
12228
12227
12226
12225
4159
12223
12222
4162
4163
4164
4165
12217
12216
4168
12214
4170
12212
12211
4173
12209
4175
12207
4177
12205
12204
12203
12202
12201
12200
12199
12198
12197
12196
12195
12194
12193
12192
12191
12190
12189
12188
12187
12186
12185
12184
12183
4201
12181
4203
12179
12178
12177
12176
12175
12174
12173
12172
12171
12170
4214
4215
12167
12166
12165
4219
12163
12162
12161
12160
4224
12158
12157
12156
12155
4229
12153
12152
12151
12150
12149
12148
12147
4237
12145
4239
12143
4241
4242
12140
12139
12138
12137
12136
4248
12134
12133
4251
12131
12130
4254
12128
12127
12126
12125
12124
12123
12122
12121
12120
4264
12118
12117
12116
12115
12114
12113
12112
12111
12110
12109
12108
12107
12106
4278
12104
12103
4281
12101
12100
4284
4285
4286
4287
12095
12094
12093
12092
4292
12090
12089
4295
12087
12086
12085
12084
12083
4301
12081
12080
12079
12078
12077
12076
12075
12074
12073
12072
12071
12070
4314
12068
12067
12066
12065
4319
12063
12062
4322
12060
12059
12058
4326
12056
12055
4329
4330
12052
12051
12050
12049
4335
12047
12046
12045
12044
12043
4341
12041
12040
12039
12038
12037
12036
4348
12034
12033
12032
12031
12030
12029
12028
4356
12026
12025
12024
12023
4361
12021
4363
12019
12018
12017
12016
4368
12014
12013
12012
12011
12010
12009
12008
4376
12006
12005
4379
4380
12002
12001
4383
4384
11998
11997
11996
11995
11994
11993
4391
11991
11990
11989
11988
11987
4397
11985
11984
4400
11982
4402
11980
11979
11978
4406
11976
11975
11974
11973
11972
4412
11970
4414
11968
4416
11966
11965
4419
11963
11962
11961
11960
11959
11958
11957
11956
11955
11954
11953
11952
11951
11950
4434
11948
11947
11946
11945
11944
4440
11942
11941
11940
4444
11938
11937
11936
11935
4449
11933
11932
11931
11930
11929
4455
11927
11926
4458
11924
11923
11922
4462
11920
4464
11918
11917
11916
11915
11914
11913
11912
11911
4473
11909
11908
11907
11906
11905
11904
11903
11902
11901
11900
11899
11898
11897
11896
11895
11894
11893
4491
11891
11890
11889
11888
11887
11886
11885
4499
11883
4501
11881
11880
11879
11878
11877
11876
4508
11874
11873
11872
11871
11870
11869
4515
4516
11866
4518
4519
11863
11862
11861
11860
4524
11858
4526
11856
11855
11854
11853
11852
4532
4533
11849
11848
11847
11846
11845
4539
4540
11842
4542
11840
11839
11838
11837
11836
11835
4549
11833
4551
11831
11830
4554
4555
11827
4557
11825
11824
11823
11822
11821
11820
4564
11818
11817
11816
4568
4569
11813
11812
11811
11810
11809
11808
11807
11806
4578
11804
4580
11802
11801
11800
11799
4585
11797
4587
4588
4589
11793
11792
11791
11790
11789
4595
4596
11786
11785
4599
4600
11782
11781
11780
11779
4605
11777
11776
11775
4609
11773
11772
11771
11770
11769
11768
4616
11766
11765
11764
4620
11762
11761
11760
11759
11758
11757
11756
11755
11754
4630
11752
11751
11750
4634
11748
4636
11746
4638
11744
11743
11742
11741
11740
4644
11738
11737
11736
4648
4649
11733
4651
11731
4653
11729
11728
11727
11726
11725
11724
4660
11722
11721
4663
11719
11718
11717
11716
4668
4669
4670
11712
11711
11710
11709
11708
11707
4677
11705
11704
11703
4681
4682
11700
11699
11698
4686
11696
11695
11694
11693
11692
11691
11690
11689
11688
11687
11686
4698
11684
11683
11682
4702
4703
11679
4705
11677
11676
11675
11674
4710
11672
11671
11670
11669
11668
11667
11666
11665
4719
4720
4721
4722
4723
11659
11658
4726
11656
11655
11654
11653
11652
11651
11650
11649
4735
11647
11646
11645
11644
11643
11642
11641
11640
11639
4745
11637
11636
11635
11634
4750
11632
11631
11630
11629
4755
4756
11626
4758
11624
4760
11622
11621
11620
11619
11618
11617
11616
11615
11614
11613
11612
4772
11610
11609
11608
11607
4777
11605
11604
11603
11602
4782
11600
11599
11598
11597
11596
11595
11594
11593
11592
11591
11590
11589
4795
11587
11586
11585
4799
11583
11582
11581
11580
11579
11578
11577
11576
11575
11574
4810
11572
11571
11570
11569
4815
11567
11566
4818
4819
11563
4821
11561
4823
4824
11558
11557
4827
11555
11554
11553
4831
11551
4833
11549
11548
11547
11546
11545
11544
11543
11542
4842
11540
11539
4845
11537
11536
11535
11534
11533
11532
11531
4853
4854
11528
11527
11526
11525
11524
4860
11522
11521
11520
11519
11518
11517
11516
11515
11514
11513
4871
11511
11510
11509
11508
11507
11506
11505
11504
4880
11502
11501
4883
11499
4885
11497
11496
4888
11494
4890
11492
11491
11490
11489
11488
11487
11486
11485
11484
11483
11482
11481
11480
11479
11478
11477
11476
4908
11474
11473
4911
11471
4913
11469
11468
11467
11466
11465
11464
11463
11462
11461
11460
11459
11458
11457
4927
11455
11454
11453
11452
11451
11450
11449
11448
11447
4937
11445
11444
11443
11442
11441
4943
11439
11438
4946
11436
11435
11434
11433
11432
11431
11430
11429
4955
4956
4957
11425
4959
11423
11422
11421
4963
11419
11418
11417
4967
11415
11414
11413
11412
11411
11410
4974
11408
11407
11406
4978
11404
4980
11402
4982
11400
4984
11398
11397
11396
11395
11394
11393
11392
11391
11390
4994
4995
11387
11386
11385
11384
11383
11382
11381
5003
11379
11378
11377
11376
5008
5009
5010
11372
11371
11370
11369
11368
11367
5017
11365
11364
11363
11362
5022
11360
11359
11358
11357
11356
11355
11354
11353
11352
11351
5033
11349
11348
11347
11346
11345
11344
11343
11342
5042
11340
5044
11338
11337
11336
11335
11334
11333
11332
11331
5053
11329
11328
5056
11326
11325
11324
11323
11322
11321
11320
11319
5065
11317
11316
11315
11314
11313
11312
11311
11310
11309
5075
11307
11306
11305
11304
11303
11302
11301
11300
5084
11298
11297
11296
11295
5089
11293
11292
11291
11290
5094
11288
11287
11286
11285
5099
11283
11282
5102
11280
5104
11278
5106
11276
5108
11274
5110
11272
11271
11270
11269
11268
11267
11266
11265
5119
11263
11262
11261
11260
11259
11258
11257
11256
11255
5129
11253
11252
5132
11250
11249
11248
11247
11246
5138
11244
11243
11242
11241
11240
11239
11238
5146
11236
11235
11234
11233
5151
11231
5153
11229
11228
11227
11226
11225
11224
11223
11222
11221
5163
11219
5165
5166
11216
11215
11214
11213
11212
11211
5173
11209
11208
11207
11206
11205
11204
11203
11202
11201
5183
11199
11198
11197
5187
11195
5189
11193
11192
11191
5193
11189
11188
11187
11186
5198
11184
11183
11182
5202
11180
11179
11178
11177
5207
11175
11174
11173
5211
11171
5213
11169
11168
11167
11166
11165
11164
5220
5221
11161
11160
11159
5225
11157
11156
5228
11154
11153
5231
11151
5233
11149
11148
11147
11146
11145
11144
11143
11142
11141
11140
5244
11138
11137
11136
11135
11134
11133
11132
11131
11130
11129
11128
11127
11126
11125
5259
11123
11122
5262
11120
5264
5265
11117
5267
11115
11114
11113
5271
11111
5273
5274
11108
5276
11106
11105
11104
11103
5281
11101
11100
5284
11098
5286
5287
11095
11094
11093
11092
5292
11090
5294
11088
11087
11086
5298
5299
11083
5301
11081
11080
11079
11078
11077
11076
11075
11074
5310
11072
11071
11070
11069
5315
11067
5317
11065
11064
5320
5321
11061
11060
11059
11058
5326
5327
11055
11054
11053
11052
5332
11050
11049
11048
11047
5337
5338
11044
11043
5341
11041
11040
5344
5345
11037
11036
11035
11034
11033
5351
11031
11030
11029
11028
11027
11026
5358
11024
11023
5361
11021
5363
11019
11018
5366
11016
11015
5369
11013
11012
11011
11010
11009
11008
5376
11006
11005
11004
5380
11002
11001
11000
10999
10998
5386
5387
10995
5389
10993
5391
5392
10990
10989
10988
10987
10986
10985
10984
10983
5401
10981
5403
10979
10978
10977
5407
10975
10974
10973
10972
10971
5413
10969
10968
10967
10966
5418
5419
10963
5421
10961
10960
10959
10958
10957
10956
10955
5429
10953
10952
10951
10950
5434
10948
10947
5437
10945
10944
10943
10942
5442
10940
10939
10938
5446
10936
10935
10934
10933
5451
5452
10930
10929
10928
10927
5457
10925
10924
5460
10922
5462
10920
10919
10918
10917
10916
10915
5469
10913
10912
5472
10910
10909
10908
5476
10906
5478
10904
5480
10902
5482
10900
10899
10898
10897
5487
10895
10894
5490
10892
5492
10890
10889
10888
5496
10886
5498
10884
10883
10882
10881
10880
10879
5505
10877
10876
10875
10874
5510
10872
10871
5513
10869
10868
10867
10866
10865
10864
10863
10862
10861
10860
10859
10858
10857
10856
10855
5529
10853
5531
10851
10850
10849
10848
10847
10846
10845
5539
5540
5541
10841
10840
10839
5545
10837
5547
10835
10834
5550
5551
5552
10830
5554
10828
10827
10826
10825
10824
10823
10822
5562
10820
10819
10818
10817
10816
10815
5569
5570
10812
5572
5573
5574
10808
10807
10806
10805
10804
10803
10802
10801
5583
10799
10798
10797
10796
10795
10794
5590
5591
10791
10790
10789
10788
5596
10786
5598
5599
10783
10782
10781
10780
5604
10778
10777
10776
10775
10774
10773
10772
10771
10770
10769
10768
5616
10766
10765
10764
10763
10762
5622
10760
10759
10758
10757
10756
10755
10754
10753
5631
10751
5633
10749
10748
10747
5637
5638
10744
5640
10742
10741
10740
10739
10738
10737
5647
10735
5649
10733
5651
10731
10730
10729
5655
10727
10726
10725
10724
5660
10722
5662
5663
5664
10718
10717
10716
10715
10714
5670
10712
10711
10710
10709
10708
10707
10706
10705
10704
10703
10702
10701
10700
10699
5685
5686
10696
10695
10694
10693
10692
10691
10690
10689
10688
10687
5697
10685
5699
5700
10682
5702
5703
10679
10678
10677
5707
5708
10674
10673
5711
10671
10670
10669
10668
5716
10666
10665
5719
5720
10662
5722
10660
10659
10658
10657
10656
10655
10654
5730
10652
10651
5733
5734
10648
10647
10646
10645
10644
5740
10642
10641
10640
5744
5745
10637
10636
5748
10634
5750
5751
10631
10630
10629
10628
10627
5757
10625
10624
5760
10622
10621
10620
5764
10618
10617
5767
10615
10614
10613
10612
10611
10610
5774
5775
10607
5777
5778
10604
10603
10602
10601
10600
5784
10598
10597
10596
5788
5789
10593
10592
10591
5793
5794
5795
10587
10586
10585
10584
10583
10582
5802
10580
10579
10578
10577
10576
10575
10574
10573
10572
10571
10570
10569
5815
10567
5817
10565
10564
5820
5821
10561
10560
10559
10558
10557
10556
5828
10554
10553
10552
5832
5833
10549
5835
10547
10546
5838
10544
10543
10542
10541
10540
10539
5845
10537
5847
5848
5849
10533
10532
5852
10530
10529
10528
10527
5857
10525
5859
10523
10522
10521
10520
5864
10518
10517
10516
10515
10514
10513
10512
10511
5873
5874
10508
10507
10506
10505
10504
5880
10502
10501
10500
10499
10498
5886
10496
10495
10494
10493
10492
10491
10490
10489
5895
10487
10486
10485
10484
5900
10482
10481
10480
10479
10478
10477
10476
5908
10474
10473
10472
5912
10470
10469
5915
10467
5917
10465
10464
10463
5921
10461
10460
5924
10458
5926
10456
10455
5929
10453
10452
10451
10450
10449
10448
10447
10446
10445
10444
10443
5941
10441
10440
10439
10438
5946
10436
10435
10434
5950
5951
10431
5953
10429
10428
10427
10426
5958
10424
10423
10422
10421
5963
10419
10418
10417
10416
10415
10414
10413
10412
10411
10410
10409
10408
5976
5977
5978
10404
10403
10402
10401
5983
10399
10398
10397
10396
5988
5989
5990
5991
10391
10390
5994
10388
10387
10386
10385
10384
6000
10382
10381
10380
10379
6005
10377
10376
10375
10374
10373
10372
10371
6013
6014
10368
10367
6017
10365
6019
6020
6021
10361
10360
10359
10358
10357
10356
10355
10354
10353
10352
6032
10350
10349
10348
10347
10346
10345
10344
10343
6041
10341
6043
10339
10338
10337
6047
10335
10334
10333
10332
10331
6053
10329
10328
10327
10326
10325
6059
10323
10322
10321
10320
10319
10318
6066
6067
10315
6069
6070
10312
10311
10310
10309
10308
10307
10306
6078
10304
6080
10302
10301
6083
10299
10298
6086
10296
10295
10294
10293
10292
10291
10290
6094
10288
10287
10286
6098
10284
10283
10282
10281
6103
6104
10278
6106
6107
10275
10274
10273
10272
10271
10270
10269
6115
10267
10266
10265
10264
10263
6121
10261
10260
10259
10258
10257
10256
6128
10254
10253
10252
10251
10250
10249
10248
10247
6137
10245
10244
6140
10242
10241
6143
10239
10238
6146
10236
10235
6149
10233
10232
10231
10230
10229
6155
10227
10226
6158
10224
10223
10222
10221
6163
6164
6165
10217
10216
10215
6169
10213
10212
10211
6173
10209
10208
10207
10206
10205
6179
10203
6181
10201
10200
10199
10198
6186
10196
10195
10194
10193
10192
10191
10190
10189
10188
10187
10186
6198
10184
10183
10182
6202
10180
6204
10178
6206
10176
10175
10174
10173
6211
10171
10170
6214
10168
6216
6217
6218
6219
10163
10162
10161
6223
10159
10158
10157
10156
10155
6229
10153
10152
10151
6233
6234
10148
10147
10146
10145
10144
6240
6241
10141
10140
6244
10138
10137
6247
10135
6249
10133
6251
6252
6253
10129
10128
6256
6257
6258
10124
6260
10122
6262
10120
6264
10118
10117
10116
10115
6269
10113
10112
10111
10110
10109
6275
10107
10106
10105
10104
10103
10102
10101
6283
6284
6285
6286
10096
10095
10094
10093
6291
10091
10090
10089
10088
10087
10086
10085
10084
10083
10082
10081
10080
6304
10078
6306
10076
10075
10074
10073
10072
10071
10070
10069
10068
10067
10066
10065
10064
6320
10062
6322
10060
6324
6325
10057
10056
10055
10054
10053
10052
10051
6333
10049
10048
10047
6337
10045
10044
10043
10042
10041
10040
10039
6345
10037
6347
10035
6349
10033
6351
10031
6353
10029
10028
10027
10026
10025
10024
10023
10022
10021
10020
10019
10018
10017
10016
6368
6369
10013
10012
10011
10010
10009
10008
10007
10006
6378
10004
6380
10002
10001
6383
9999
9998
9997
9996
9995
6389
9993
6391
9991
9990
9989
9988
9987
9986
6398
6399
9983
9982
9981
9980
9979
9978
6406
9976
6408
9974
9973
6411
9971
9970
6414
9968
9967
9966
9965
9964
6420
9962
9961
9960
6424
9958
6426
9956
6428
9954
9953
9952
9951
9950
9949
9948
9947
9946
9945
9944
9943
9942
9941
6443
6444
9938
9937
6447
9935
9934
9933
9932
9931
6453
6454
9928
9927
9926
9925
9924
9923
9922
6462
9920
9919
9918
9917
6467
9915
9914
9913
9912
9911
9910
6474
9908
9907
9906
9905
6479
9903
9902
9901
9900
9899
6485
9897
9896
9895
9894
9893
9892
9891
9890
6494
6495
6496
9886
9885
6499
9883
6501
9881
9880
6504
6505
9877
9876
6508
9874
9873
6511
6512
6513
9869
9868
9867
9866
6518
9864
9863
9862
9861
9860
6524
9858
6526
6527
9855
9854
9853
9852
9851
9850
9849
6535
9847
9846
9845
9844
9843
9842
9841
9840
9839
6545
9837
9836
6548
6549
9833
9832
9831
9830
9829
9828
9827
9826
9825
9824
9823
9822
9821
9820
9819
9818
9817
9816
9815
6569
9813
9812
9811
9810
6574
9808
9807
6577
9805
6579
9803
6581
9801
9800
9799
9798
6586
9796
6588
6589
9793
9792
6592
9790
9789
9788
9787
6597
9785
9784
9783
9782
9781
9780
6604
9778
9777
9776
9775
6609
6610
6611
6612
6613
9769
9768
9767
9766
9765
9764
9763
9762
9761
9760
6624
9758
6626
9756
9755
9754
9753
9752
9751
9750
9749
6635
6636
9746
9745
9744
9743
9742
9741
6643
9739
9738
9737
9736
9735
9734
9733
9732
9731
9730
9729
9728
9727
9726
9725
6659
9723
9722
9721
9720
9719
9718
9717
9716
9715
9714
9713
9712
9711
9710
9709
9708
6676
9706
9705
9704
9703
9702
9701
9700
9699
9698
6686
9696
6688
6689
9693
6691
9691
6693
9689
9688
6696
9686
9685
6699
9683
9682
6702
9680
9679
9678
9677
9676
9675
9674
6710
9672
9671
9670
6714
9668
9667
9666
9665
9664
9663
6721
9661
9660
6724
9658
9657
9656
9655
9654
9653
9652
6732
9650
9649
9648
6736
9646
9645
9644
9643
6741
9641
9640
9639
9638
9637
9636
6748
9634
9633
9632
9631
9630
9629
6755
9627
9626
9625
9624
9623
6761
9621
9620
6764
9618
9617
9616
9615
6769
9613
6771
6772
9610
9609
9608
9607
9606
9605
9604
9603
6781
9601
9600
9599
6785
9597
9596
6788
9594
9593
9592
9591
9590
9589
6795
6796
6797
9585
9584
6800
9582
9581
6803
9579
6805
9577
9576
9575
6809
9573
9572
9571
9570
9569
6815
9567
9566
9565
9564
9563
9562
9561
6823
9559
9558
9557
6827
9555
9554
9553
9552
9551
9550
9549
6835
9547
9546
6838
6839
9543
9542
9541
9540
9539
9538
9537
6847
6848
9534
9533
9532
9531
9530
6854
9528
9527
9526
6858
9524
6860
9522
9521
6863
9519
9518
6866
9516
9515
9514
9513
9512
9511
9510
9509
9508
6876
9506
6878
9504
6880
6881
9501
9500
9499
9498
9497
9496
9495
6889
6890
9492
9491
9490
9489
9488
9487
9486
9485
9484
6900
9482
9481
9480
9479
9478
9477
6907
9475
9474
9473
9472
9471
9470
9469
9468
6916
9466
9465
9464
9463
6921
9461
9460
9459
6925
6926
9456
6928
9454
9453
9452
9451
9450
6934
9448
9447
9446
9445
6939
9443
9442
6942
9440
9439
9438
9437
9436
9435
9434
9433
9432
9431
9430
9429
9428
9427
9426
9425
6959
9423
9422
9421
6963
9419
9418
9417
9416
9415
6969
9413
9412
9411
6973
6974
9408
6976
9406
9405
6979
9403
9402
9401
9400
9399
9398
9397
9396
9395
9394
9393
9392
9391
9390
9389
6995
9387
9386
9385
9384
9383
9382
9381
9380
9379
7005
9377
9376
9375
9374
9373
9372
7012
9370
9369
9368
7016
9366
9365
9364
9363
9362
9361
7023
9359
7025
9357
7027
9355
9354
7030
9352
9351
7033
9349
9348
7036
9346
9345
9344
9343
9342
9341
7043
9339
9338
7046
9336
9335
7049
9333
9332
9331
9330
9329
7055
9327
7057
9325
9324
9323
7061
9321
9320
9319
7065
9317
9316
9315
9314
9313
9312
7072
7073
9309
9308
9307
9306
9305
9304
9303
9302
7082
7083
7084
9298
7086
7087
7088
9294
9293
9292
9291
9290
7094
9288
9287
9286
9285
7099
7100
9282
9281
9280
9279
7105
9277
9276
9275
9274
9273
9272
9271
9270
9269
7115
9267
9266
9265
9264
9263
9262
7122
9260
9259
9258
9257
9256
9255
9254
9253
9252
7132
7133
9249
9248
7136
9246
9245
7139
7140
9242
7142
9240
9239
9238
7146
9236
9235
9234
9233
9232
9231
9230
9229
9228
9227
7157
9225
9224
9223
9222
7162
9220
9219
7165
9217
7167
9215
9214
9213
9212
9211
9210
9209
9208
7176
9206
9205
9204
9203
7181
9201
7183
7184
9198
7186
9196
7188
9194
7190
7191
9191
9190
9189
9188
9187
7197
9185
9184
7200
9182
9181
9180
9179
9178
9177
7207
9175
9174
7210
9172
9171
9170
9169
9168
9167
9166
9165
9164
9163
9162
7222
9160
9159
9158
7226
9156
7228
7229
7230
7231
9151
9150
9149
9148
9147
9146
9145
9144
9143
9142
7242
9140
7244
9138
9137
9136
9135
7249
7250
9132
9131
9130
7254
7255
9127
7257
9125
7259
7260
7261
9121
9120
7264
7265
9117
9116
9115
9114
9113
7271
9111
7273
9109
7275
7276
9106
7278
7279
7280
7281
9101
9100
9099
7285
9097
9096
9095
9094
9093
9092
7292
7293
9089
9088
9087
9086
7298
9084
9083
9082
9081
7303
9079
9078
9077
9076
9075
9074
9073
7311
9071
9070
7314
7315
9067
9066
9065
7319
9063
9062
9061
9060
9059
9058
9057
9056
9055
9054
9053
9052
9051
9050
9049
7335
9047
7337
9045
9044
9043
9042
9041
9040
9039
9038
9037
7347
9035
9034
7350
9032
9031
9030
9029
9028
9027
9026
9025
9024
9023
9022
7362
9020
9019
9018
9017
9016
9015
9014
9013
9012
9011
9010
7374
9008
9007
7377
9005
9004
9003
9002
9001
9000
8999
7385
8997
8996
7388
8994
8993
7391
8991
8990
8989
8988
8987
7397
7398
8984
8983
8982
8981
8980
8979
8978
8977
7407
8975
7409
8973
7411
7412
8970
7414
8968
8967
8966
8965
8964
8963
8962
8961
7423
8959
8958
8957
8956
7428
8954
8953
8952
7432
8950
8949
8948
8947
8946
8945
8944
8943
8942
8941
8940
8939
8938
7446
8936
7448
7449
8933
8932
8931
8930
8929
8928
8927
8926
8925
8924
8923
8922
8921
8920
7464
8918
8917
8916
8915
7469
8913
8912
8911
8910
7474
7475
8907
8906
8905
8904
8903
8902
8901
8900
8899
7485
8897
8896
8895
8894
8893
7491
7492
8890
8889
8888
8887
8886
7498
8884
8883
8882
7502
8880
8879
8878
8877
8876
8875
8874
7510
8872
8871
8870
8869
8868
8867
8866
8865
8864
8863
8862
8861
8860
8859
8858
7526
8856
8855
7529
8853
7531
8851
8850
7534
8848
8847
8846
8845
8844
8843
8842
8841
7543
7544
8838
8837
8836
8835
8834
7550
8832
8831
8830
8829
7555
7556
7557
8825
7559
7560
8822
8821
8820
8819
7565
7566
8816
7568
8814
8813
7571
8811
8810
7574
8808
8807
8806
8805
8804
8803
7581
8801
8800
8799
8798
7586
8796
8795
7589
7590
8792
8791
8790
8789
8788
8787
7597
7598
8784
8783
7601
8781
7603
7604
8778
8777
8776
8775
8774
8773
8772
7612
8770
8769
8768
8767
8766
7618
8764
8763
7621
7622
7623
8759
8758
8757
8756
8755
8754
7630
8752
8751
8750
8749
8748
8747
8746
7638
8744
8743
8742
8741
8740
7644
8738
8737
8736
7648
8734
8733
8732
8731
7653
8729
8728
7656
8726
8725
7659
8723
8722
8721
7663
8719
8718
8717
7667
7668
8714
8713
7671
8711
8710
8709
8708
8707
8706
8705
8704
8703
8702
8701
7683
8699
8698
8697
8696
8695
8694
8693
8692
8691
8690
8689
7695
8687
8686
8685
8684
8683
7701
8681
8680
8679
7705
7706
8676
8675
7709
8673
7711
8671
7713
8669
8668
8667
8666
8665
8664
8663
8662
8661
8660
8659
7725
8657
7727
8655
8654
8653
8652
7732
8650
8649
8648
7736
8646
7738
8644
8643
7741
8641
8640
8639
7745
8637
7747
8635
8634
8633
8632
8631
7753
7754
8628
7756
7757
8625
7759
8623
7761
8621
7763
8619
8618
7766
8616
8615
8614
8613
8612
8611
8610
7774
8608
7776
8606
8605
8604
8603
7781
8601
8600
8599
8598
8597
8596
8595
8594
8593
8592
8591
8590
8589
8588
8587
8586
7798
8584
8583
8582
8581
8580
8579
8578
8577
8576
7808
7809
8573
8572
8571
8570
7814
8568
8567
8566
8565
8564
8563
7821
8561
8560
8559
8558
8557
8556
8555
8554
8553
7831
8551
8550
8549
8548
8547
8546
8545
7839
7840
8542
8541
8540
8539
7845
7846
8536
7848
8534
7850
8532
8531
8530
8529
8528
8527
8526
8525
8524
8523
8522
7862
8520
8519
8518
7866
8516
8515
8514
8513
8512
8511
8510
8509
8508
7876
8506
7878
7879
8503
8502
7882
7883
7884
8498
8497
8496
8495
8494
8493
8492
8491
7893
8489
8488
8487
8486
7898
8484
8483
7901
8481
8480
8479
7905
8477
8476
8475
8474
8473
8472
7912
8470
8469
8468
8467
7917
7918
7919
8463
8462
8461
8460
8459
8458
8457
8456
8455
8454
8453
8452
8451
8450
8449
8448
8447
7937
8445
8444
8443
8442
7942
8440
8439
8438
8437
8436
7948
8434
8433
8432
7952
8430
8429
7955
8427
8426
8425
8424
7960
8422
7962
8420
7964
8418
8417
8416
8415
8414
8413
8412
8411
8410
8409
8408
8407
7977
8405
8404
8403
8402
8401
8400
7984
8398
7986
8396
8395
8394
8393
8392
8391
8390
8389
8388
7996
7997
8385
8384
8000
8382
8381
8003
8379
8005
8377
8376
8008
8374
8373
8372
8371
8370
8014
8368
8016
8366
8365
8364
8363
8362
8361
8360
8024
8358
8026
8027
8355
8354
8353
8352
8032
8033
8349
8348
8036
8346
8345
8344
8343
8342
8042
8340
8044
8338
8337
8336
8335
8049
8333
8332
8331
8053
8329
8328
8327
8326
8325
8324
8060
8322
8321
8320
8319
8318
8066
8316
8315
8314
8313
8071
8311
8310
8309
8308
8076
8306
8078
8079
8080
8302
8301
8300
8084
8298
8297
8087
8295
8294
8293
8292
8291
8290
8289
8288
8287
8097
8098
8284
8100
8282
8281
8280
8279
8278
8277
8107
8275
8274
8273
8111
8271
8270
8269
8268
8116
8266
8265
8264
8263
8121
8261
8260
8259
8258
8126
8127
8255
8254
8130
8252
8251
8250
8134
8248
8247
8246
8138
8139
8243
8242
8241
8240
8239
8238
8237
8236
8235
8149
8233
8232
8231
8230
8154
8228
8227
8157
8225
8159
8160
8161
8221
8220
8219
8218
8217
8216
8215
8214
8213
8212
8211
8210
8209
8208
8207
8206
8205
8204
8180
8181
8201
8200
8199
8185
8197
8187
8195
8194
8190
8192
8191
8190
8189
8195
8187
8186
8185
8184
8183
8182
8202
8180
8204
8205
8177
8176
8175
8174
8173
8172
8171
8170
8169
8168
8167
8217
8165
8219
8163
8162
8161
8160
8224
8158
8226
8156
8155
8154
8153
8152
8151
8150
8234
8235
8147
8146
8145
8239
8240
8142
8242
8140
8244
8138
8246
8136
8135
8134
8133
8132
8131
8130
8129
8128
8127
8126
8125
8124
8123
8122
8262
8263
8119
8118
8117
8116
8115
8114
8113
8112
8111
8110
8274
8108
8107
8277
8105
8104
8280
8102
8101
8100
8099
8098
8097
8287
8095
8094
8093
8092
8091
8293
8089
8088
8087
8086
8085
8084
8083
8301
8081
8080
8304
8078
8077
8076
8075
8309
8073
8072
8071
8070
8069
8068
8316
8066
8065
8064
8063
8062
8061
8060
8059
8325
8057
8056
8328
8054
8053
8052
8051
8333
8049
8335
8047
8046
8338
8044
8043
8042
8041
8040
8344
8038
8037
8036
8035
8034
8033
8351
8031
8030
8354
8028
8027
8026
8358
8024
8360
8022
8362
8020
8019
8018
8366
8016
8015
8014
8013
8012
8011
8010
8009
8008
8007
8006
8005
8379
8380
8002
8382
8000
7999
8385
7997
8387
7995
8389
7993
7992
7991
7990
7989
7988
7987
7986
7985
7984
7983
7982
7981
7980
7979
7978
7977
7976
7975
7974
7973
7972
7971
7970
8414
7968
7967
7966
7965
7964
8420
7962
7961
7960
7959
7958
7957
7956
7955
8429
7953
8431
7951
8433
7949
7948
7947
7946
8438
7944
7943
7942
7941
7940
7939
8445
7937
8447
7935
7934
7933
7932
8452
7930
8454
7928
7927
7926
7925
7924
7923
8461
7921
7920
8464
7918
7917
7916
7915
7914
7913
7912
8472
7910
8474
7908
7907
7906
8478
7904
8480
7902
7901
7900
8484
7898
7897
7896
8488
7894
7893
7892
7891
7890
8494
7888
7887
8497
7885
8499
8500
7882
7881
7880
7879
7878
7877
8507
7875
7874
7873
7872
7871
7870
7869
7868
7867
7866
7865
7864
7863
8521
7861
7860
7859
7858
7857
7856
7855
7854
7853
7852
7851
7850
7849
7848
8536
8537
7845
7844
8540
7842
7841
7840
7839
7838
8546
7836
7835
7834
7833
7832
7831
7830
7829
7828
7827
7826
7825
8559
7823
7822
7821
7820
7819
7818
7817
8567
7815
7814
7813
7812
7811
7810
7809
7808
7807
7806
7805
8579
7803
7802
7801
7800
7799
7798
7797
7796
7795
7794
7793
7792
7791
8593
7789
7788
7787
7786
8598
7784
7783
7782
7781
7780
7779
7778
8606
7776
7775
7774
7773
7772
7771
7770
7769
8615
7767
8617
8618
7764
7763
8621
7761
8623
7759
7758
7757
8627
7755
8629
7753
8631
8632
7750
8634
7748
8636
8637
7745
7744
7743
7742
7741
7740
7739
7738
7737
7736
7735
8649
7733
7732
7731
7730
8654
7728
7727
8657
7725
7724
8660
7722
7721
8663
7719
7718
7717
7716
8668
7714
7713
8671
7711
8673
7709
7708
7707
7706
7705
7704
7703
7702
7701
8683
8684
8685
8686
7696
7695
8689
8690
8691
7691
7690
7689
7688
7687
7686
7685
7684
7683
8701
8702
7680
7679
8705
8706
7676
7675
8709
7673
7672
7671
7670
7669
7668
8716
7666
7665
8719
7663
8721
7661
7660
8724
7658
7657
8727
7655
8729
7653
7652
7651
8733
8734
7648
7647
8737
7645
8739
7643
7642
7641
7640
8744
8745
8746
7636
7635
8749
7633
7632
7631
8753
7629
7628
7627
7626
7625
7624
7623
7622
8762
7620
8764
7618
7617
7616
7615
7614
7613
7612
7611
8773
8774
8775
7607
8777
8778
7604
7603
8781
7601
7600
7599
7598
7597
8787
7595
7594
8790
7592
7591
8793
8794
7588
7587
8797
8798
8799
8800
7582
8802
7580
7579
7578
7577
8807
7575
8809
7573
8811
7571
7570
7569
7568
8816
7566
7565
7564
7563
7562
7561
7560
7559
7558
8826
7556
7555
8829
8830
7552
7551
7550
7549
7548
7547
7546
8838
7544
7543
7542
7541
8843
7539
8845
8846
7536
7535
8849
7533
7532
8852
8853
7529
8855
7527
8857
7525
7524
7523
7522
7521
8863
7519
7518
7517
7516
7515
8869
7513
7512
8872
8873
8874
8875
7507
7506
7505
7504
8880
7502
7501
7500
7499
7498
8886
7496
8888
7494
7493
7492
7491
7490
7489
8895
7487
7486
8898
7484
7483
7482
7481
7480
7479
7478
7477
7476
8908
7474
7473
7472
7471
7470
7469
7468
7467
7466
7465
8919
8920
7462
7461
7460
8924
7458
8926
7456
8928
8929
7453
7452
7451
7450
7449
7448
7447
7446
7445
7444
8940
7442
7441
7440
7439
8945
7437
7436
7435
7434
7433
8951
7431
7430
8954
7428
7427
8957
8958
8959
7423
7422
7421
8963
7419
8965
7417
7416
8968
8969
7413
7412
7411
8973
7409
7408
7407
8977
7405
7404
7403
7402
8982
7400
7399
8985
7397
7396
8988
7394
7393
7392
7391
8993
7389
8995
8996
7386
7385
8999
7383
7382
9002
9003
7379
7378
9006
7376
7375
7374
7373
7372
7371
7370
9014
7368
9016
9017
7365
7364
7363
7362
7361
7360
7359
7358
7357
7356
7355
7354
7353
7352
7351
7350
7349
7348
9036
7346
7345
9039
7343
7342
7341
7340
7339
7338
7337
7336
9048
7334
7333
7332
9052
7330
7329
9055
9056
7326
7325
7324
7323
9061
9062
7320
7319
7318
7317
9067
7315
7314
7313
7312
7311
7310
7309
7308
9076
9077
9078
9079
7303
7302
7301
7300
7299
7298
7297
7296
9088
7294
7293
7292
7291
7290
9094
7288
9096
7286
7285
7284
9100
9101
7281
7280
7279
7278
7277
7276
7275
7274
9110
7272
7271
7270
9114
9115
7267
7266
7265
7264
7263
9121
7261
7260
7259
7258
7257
7256
7255
7254
7253
7252
9132
7250
7249
7248
7247
7246
9138
7244
7243
9141
7241
7240
7239
7238
7237
7236
7235
9149
7233
7232
7231
7230
7229
7228
9156
7226
9158
7224
7223
7222
7221
7220
9164
7218
7217
7216
9168
7214
7213
7212
7211
7210
7209
9175
9176
7206
9178
7204
7203
7202
7201
7200
7199
7198
7197
9187
9188
7194
9190
7192
7191
7190
9194
9195
7187
7186
7185
9199
7183
9201
7181
7180
7179
7178
9206
7176
7175
9209
7173
7172
7171
7170
9214
7168
7167
7166
7165
7164
9220
7162
9222
7160
9224
7158
9226
7156
7155
7154
9230
9231
7151
9233
7149
9235
7147
7146
9238
9239
7143
7142
9242
7140
7139
7138
7137
7136
9248
7134
7133
7132
9252
7130
7129
7128
7127
7126
9258
7124
7123
7122
9262
7120
7119
9265
7117
7116
7115
7114
7113
7112
7111
7110
7109
7108
7107
7106
7105
7104
7103
7102
7101
7100
7099
9285
7097
7096
9288
7094
7093
7092
7091
7090
7089
7088
7087
9297
7085
7084
9300
7082
7081
9303
7079
7078
7077
7076
7075
7074
9310
7072
7071
7070
7069
7068
9316
7066
7065
7064
9320
7062
9322
7060
7059
7058
7057
7056
9328
7054
7053
9331
9332
7050
7049
7048
9336
7046
9338
7044
7043
7042
7041
9343
9344
7038
7037
7036
7035
7034
7033
7032
7031
7030
7029
7028
7027
7026
7025
9359
7023
7022
7021
9363
7019
7018
7017
9367
7015
7014
7013
7012
9372
7010
9374
9375
9376
9377
7005
9379
7003
7002
7001
7000
6999
9385
6997
9387
6995
6994
6993
6992
6991
6990
6989
6988
9396
9397
6985
6984
6983
6982
9402
6980
9404
6978
6977
6976
6975
6974
9410
6972
9412
6970
6969
9415
6967
6966
9418
6964
9420
6962
6961
6960
6959
6958
9426
6956
6955
6954
6953
6952
6951
6950
9434
6948
6947
6946
6945
6944
6943
9441
9442
6940
9444
6938
6937
6936
6935
6934
9450
6932
6931
6930
6929
6928
6927
6926
6925
6924
6923
6922
6921
6920
6919
6918
6917
6916
6915
9469
6913
9471
6911
6910
6909
6908
6907
6906
6905
9479
6903
6902
6901
6900
9484
9485
6897
6896
6895
9489
6893
6892
6891
6890
6889
6888
6887
6886
9498
6884
6883
6882
6881
6880
6879
6878
9506
6876
6875
6874
9510
9511
6871
6870
6869
6868
6867
6866
6865
9519
6863
6862
6861
6860
6859
6858
6857
6856
6855
6854
6853
6852
6851
6850
6849
9535
6847
6846
6845
6844
6843
6842
6841
6840
6839
6838
6837
6836
6835
9549
9550
6832
9552
6830
6829
6828
6827
9557
6825
6824
9560
9561
6821
6820
9564
6818
6817
9567
6815
9569
9570
6812
6811
6810
6809
6808
9576
6806
6805
6804
6803
9581
6801
6800
9584
6798
6797
6796
6795
9589
6793
6792
6791
6790
6789
6788
6787
6786
6785
6784
9600
6782
6781
6780
6779
6778
6777
6776
9608
6774
6773
6772
6771
6770
9614
6768
6767
6766
6765
6764
6763
9621
6761
6760
6759
6758
6757
9627
6755
6754
9630
6752
6751
9633
6749
6748
6747
6746
6745
6744
9640
9641
9642
6740
6739
6738
6737
6736
6735
6734
6733
6732
6731
6730
6729
9655
6727
9657
6725
6724
6723
6722
6721
6720
6719
9665
6717
6716
6715
6714
6713
9671
6711
6710
6709
6708
6707
6706
9678
9679
9680
9681
6701
6700
6699
6698
6697
9687
9688
6694
6693
6692
6691
6690
6689
9695
9696
6686
6685
6684
9700
6682
6681
6680
6679
9705
6677
6676
6675
6674
6673
6672
6671
6670
9714
6668
9716
6666
9718
6664
6663
9721
6661
9723
6659
6658
6657
6656
6655
6654
9730
6652
6651
6650
6649
6648
9736
9737
6645
6644
6643
6642
6641
6640
9744
9745
6637
6636
6635
9749
6633
6632
9752
9753
6629
6628
9756
6626
6625
9759
6623
6622
6621
6620
9764
9765
6617
6616
6615
9769
6613
6612
6611
9773
6609
6608
6607
9777
6605
9779
6603
6602
6601
6600
6599
6598
6597
6596
6595
6594
6593
6592
6591
6590
6589
6588
9796
9797
6585
6584
6583
6582
6581
6580
6579
6578
6577
6576
6575
6574
6573
6572
6571
6570
6569
6568
6567
6566
9818
6564
6563
9821
6561
6560
6559
9825
6557
9827
9828
6554
6553
6552
6551
6550
6549
6548
9836
6546
6545
6544
6543
9841
6541
9843
6539
6538
6537
9847
6535
6534
6533
6532
6531
9853
6529
9855
6527
6526
6525
6524
9860
6522
6521
6520
6519
6518
6517
6516
6515
9869
6513
6512
6511
6510
9874
6508
6507
6506
9878
6504
6503
6502
6501
6500
9884
6498
6497
9887
6495
9889
6493
6492
9892
6490
9894
9895
6487
6486
6485
6484
6483
6482
9902
6480
9904
6478
6477
6476
6475
9909
6473
9911
6471
9913
6469
6468
9916
6466
6465
6464
6463
9921
9922
6460
9924
6458
9926
6456
6455
6454
6453
6452
6451
6450
6449
6448
9936
6446
9938
6444
9940
6442
9942
9943
6439
9945
6437
9947
6435
6434
6433
6432
6431
6430
6429
6428
6427
9957
9958
6424
9960
6422
6421
6420
9964
6418
9966
9967
9968
6414
6413
6412
6411
6410
6409
6408
6407
6406
9978
6404
6403
6402
6401
6400
6399
6398
6397
6396
6395
6394
9990
6392
6391
6390
6389
6388
6387
6386
6385
9999
10000
6382
6381
6380
6379
6378
6377
6376
6375
6374
6373
6372
6371
6370
6369
6368
10016
6366
10018
6364
6363
6362
6361
10023
6359
10025
6357
6356
6355
6354
6353
6352
6351
10033
6349
10035
6347
6346
6345
6344
6343
6342
10042
6340
6339
6338
10046
10047
10048
6334
6333
6332
6331
6330
6329
6328
10056
10057
6325
6324
6323
6322
10062
6320
6319
10065
6317
6316
6315
10069
6313
6312
6311
10073
6309
6308
6307
6306
6305
6304
6303
6302
10082
6300
6299
6298
6297
6296
6295
6294
6293
6292
6291
10093
6289
6288
6287
6286
6285
6284
6283
6282
6281
6280
6279
6278
6277
10107
6275
6274
6273
6272
6271
6270
10114
6268
6267
6266
6265
6264
6263
6262
6261
6260
6259
6258
10126
6256
6255
10129
6253
6252
6251
6250
10134
6248
6247
6246
6245
6244
6243
6242
6241
10143
6239
6238
6237
10147
10148
6234
6233
6232
6231
6230
6229
6228
6227
6226
6225
6224
6223
6222
10162
6220
10164
10165
6217
6216
10168
6214
6213
10171
6211
6210
6209
6208
6207
6206
6205
6204
6203
10181
10182
10183
6199
6198
6197
6196
6195
6194
6193
6192
10192
6190
10194
6188
6187
10197
6185
6184
6183
6182
6181
10203
10204
10205
6177
6176
6175
6174
6173
6172
6171
6170
6169
6168
6167
6166
6165
6164
6163
6162
6161
10223
6159
6158
6157
10227
6155
6154
6153
10231
6151
6150
10234
6148
10236
6146
6145
6144
6143
6142
10242
6140
6139
10245
6137
6136
10248
6134
6133
6132
6131
6130
6129
6128
10256
6126
6125
6124
10260
6122
6121
6120
6119
6118
6117
10267
6115
10269
6113
10271
10272
6110
10274
6108
6107
6106
10278
10279
6103
6102
6101
10283
6099
10285
6097
10287
6095
6094
6093
6092
6091
6090
6089
10295
6087
6086
6085
6084
6083
10301
6081
10303
10304
6078
6077
6076
6075
6074
6073
6072
6071
6070
6069
10315
6067
10317
6065
6064
6063
6062
6061
6060
10324
6058
6057
10327
6055
6054
10330
6052
6051
6050
6049
6048
6047
6046
10338
6044
6043
10341
6041
10343
6039
6038
10346
6036
10348
6034
6033
6032
6031
10353
6029
6028
6027
6026
6025
6024
6023
10361
6021
6020
6019
10365
10366
10367
6015
10369
10370
6012
6011
6010
6009
10375
6007
10377
6005
6004
6003
6002
6001
10383
10384
5998
5997
5996
5995
5994
5993
5992
5991
5990
5989
5988
5987
5986
10398
5984
10400
10401
5981
5980
5979
5978
10406
5976
5975
10409
10410
5972
5971
5970
5969
5968
5967
5966
10418
5964
10420
5962
10422
5960
5959
5958
10426
5956
5955
10429
5953
5952
10432
5950
5949
5948
5947
5946
5945
5944
10440
5942
5941
5940
5939
5938
10446
5936
10448
5934
5933
5932
10452
5930
10454
5928
10456
5926
5925
10459
5923
10461
5921
5920
5919
5918
10466
10467
5915
10469
5913
10471
5911
10473
5909
5908
5907
5906
5905
10479
5903
5902
5901
5900
5899
5898
5897
10487
10488
5894
5893
5892
5891
5890
5889
5888
5887
5886
10498
10499
5883
10501
10502
5880
5879
10505
5877
10507
5875
5874
5873
10511
10512
5870
5869
10515
5867
5866
5865
5864
5863
5862
10522
5860
5859
5858
5857
5856
10528
5854
5853
10531
5851
5850
5849
10535
5847
5846
10538
5844
5843
10541
5841
5840
5839
5838
10546
10547
10548
10549
10550
5832
5831
5830
5829
10555
5827
5826
5825
5824
10560
10561
10562
5820
5819
10565
10566
5816
5815
5814
5813
5812
5811
5810
5809
5808
5807
10577
5805
5804
10580
10581
10582
5800
10584
5798
10586
5796
5795
5794
5793
5792
5791
10593
5789
5788
5787
5786
5785
5784
5783
5782
5781
5780
5779
5778
5777
5776
5775
10609
5773
5772
10612
5770
5769
5768
10616
5766
5765
10619
5763
5762
5761
5760
5759
10625
5757
10627
10628
5754
10630
5752
10632
5750
5749
5748
5747
5746
5745
5744
5743
5742
5741
5740
5739
5738
5737
10647
5735
5734
5733
10651
5731
10653
5729
10655
10656
10657
5725
5724
5723
5722
5721
5720
5719
5718
5717
5716
5715
5714
5713
5712
10672
10673
5709
5708
5707
5706
5705
10679
5703
5702
10682
5700
10684
10685
5697
5696
5695
5694
5693
10691
10692
10693
5689
10695
5687
10697
10698
5684
5683
5682
10702
5680
5679
10705
5677
5676
5675
5674
5673
5672
5671
5670
10714
5668
5667
5666
5665
5664
5663
5662
10722
5660
5659
5658
5657
10727
5655
10729
5653
10731
10732
5650
10734
5648
5647
5646
5645
10739
5643
5642
5641
10743
5639
5638
5637
10747
5635
5634
5633
5632
5631
5630
5629
5628
5627
5626
5625
10759
5623
5622
5621
10763
5619
5618
5617
5616
5615
5614
10770
5612
5611
5610
5609
5608
5607
5606
5605
5604
5603
10781
5601
5600
5599
10785
5597
10787
5595
10789
5593
5592
10792
5590
5589
5588
5587
5586
5585
5584
10800
5582
10802
5580
5579
5578
10806
5576
5575
5574
5573
5572
5571
10813
10814
5568
5567
5566
5565
5564
5563
5562
5561
5560
5559
5558
5557
5556
10828
5554
10830
5552
5551
5550
10834
10835
5547
5546
5545
5544
5543
5542
5541
5540
5539
5538
10846
5536
5535
5534
10850
10851
5531
5530
10854
5528
10856
5526
5525
10859
5523
5522
5521
5520
10864
5518
5517
5516
5515
5514
5513
5512
5511
5510
5509
5508
10876
5506
5505
5504
10880
10881
5501
10883
5499
5498
10886
10887
5495
10889
5493
5492
5491
5490
5489
10895
5487
5486
5485
5484
5483
5482
5481
10903
5479
5478
10906
5476
10908
5474
5473
10911
10912
5470
10914
5468
5467
5466
5465
5464
10920
5462
5461
5460
10924
5458
5457
5456
5455
5454
10930
5452
5451
5450
5449
5448
5447
5446
5445
5444
5443
5442
5441
5440
5439
5438
10946
5436
5435
5434
5433
10951
5431
10953
10954
10955
5427
5426
5425
10959
5423
5422
5421
5420
5419
5418
5417
5416
5415
5414
5413
5412
5411
5410
10974
10975
5407
10977
10978
10979
10980
5402
5401
5400
5399
10985
5397
5396
5395
5394
10990
5392
10992
5390
5389
10995
5387
5386
5385
5384
5383
5382
5381
11003
5379
5378
5377
11007
5375
5374
11010
5372
11012
11013
5369
11015
5367
11017
5365
5364
5363
5362
5361
5360
11024
5358
5357
5356
5355
5354
5353
5352
5351
5350
5349
11035
5347
5346
5345
5344
5343
11041
11042
5340
5339
11045
11046
5336
5335
11049
5333
5332
5331
5330
5329
5328
5327
5326
5325
5324
5323
5322
5321
5320
11064
5318
5317
5316
11068
5314
5313
11071
5311
5310
5309
5308
5307
5306
5305
5304
5303
5302
5301
5300
11084
11085
11086
5296
5295
5294
5293
5292
11092
5290
11094
5288
5287
11097
5285
5284
11100
5282
11102
5280
5279
11105
5277
5276
11108
5274
5273
5272
5271
5270
11114
5268
5267
5266
5265
11119
5263
5262
11122
5260
5259
5258
5257
11127
5255
5254
5253
5252
11132
11133
5249
5248
11136
5246
5245
5244
11140
5242
5241
5240
5239
11145
5237
5236
5235
11149
5233
5232
5231
5230
5229
11155
5227
5226
11158
5224
5223
5222
5221
5220
5219
11165
11166
11167
5215
11169
5213
5212
11172
11173
5209
11175
5207
5206
5205
11179
11180
5202
5201
5200
5199
5198
5197
5196
5195
5194
5193
11191
11192
5190
5189
5188
5187
11197
5185
5184
5183
5182
5181
5180
5179
5178
5177
11207
5175
5174
5173
11211
11212
5170
5169
5168
5167
11217
11218
5164
5163
11221
11222
5160
5159
11225
5157
5156
5155
5154
5153
11231
11232
5150
11234
5148
11236
5146
11238
5144
5143
11241
5141
5140
11244
5138
5137
5136
5135
5134
5133
5132
5131
5130
5129
5128
11256
11257
5125
5124
5123
5122
5121
5120
5119
11265
5117
11267
5115
11269
5113
5112
5111
5110
5109
5108
5107
5106
5105
5104
5103
5102
5101
5100
5099
5098
5097
11287
5095
11289
5093
5092
5091
5090
5089
11295
11296
5086
5085
11299
5083
5082
5081
5080
5079
5078
5077
5076
5075
5074
5073
5072
5071
5070
5069
5068
5067
5066
5065
5064
5063
5062
5061
11323
5059
5058
5057
11327
11328
5054
5053
5052
5051
5050
5049
5048
5047
11337
5045
11339
5043
5042
5041
5040
5039
5038
5037
5036
5035
5034
5033
5032
5031
5030
5029
5028
5027
11357
5025
11359
5023
5022
5021
5020
5019
11365
5017
5016
5015
11369
5013
11371
5011
11373
11374
11375
5007
11377
5005
5004
5003
5002
11382
5000
4999
11385
4997
4996
4995
4994
4993
4992
4991
4990
11394
4988
4987
4986
4985
11399
4983
11401
4981
4980
4979
4978
4977
4976
4975
4974
4973
4972
11412
4970
11414
4968
4967
4966
4965
4964
4963
4962
4961
4960
4959
4958
4957
4956
4955
11429
4953
4952
11432
4950
4949
4948
11436
11437
4945
4944
4943
4942
4941
11443
4939
11445
4937
4936
4935
4934
11450
4932
4931
4930
4929
4928
4927
4926
11458
11459
11460
4922
4921
4920
4919
4918
11466
4916
4915
4914
4913
4912
4911
4910
11474
4908
4907
4906
11478
11479
11480
4902
4901
4900
4899
4898
4897
11487
11488
4894
11490
4892
4891
4890
4889
4888
11496
4886
11498
11499
4883
4882
4881
4880
4879
4878
4877
11507
11508
11509
4873
4872
4871
4870
11514
4868
4867
11517
4865
11519
11520
11521
4861
4860
4859
4858
4857
4856
4855
4854
11530
4852
4851
4850
4849
4848
4847
4846
4845
4844
4843
11541
4841
4840
4839
4838
11546
4836
4835
4834
4833
4832
4831
4830
4829
11555
11556
4826
4825
4824
4823
4822
11562
4820
4819
11565
4817
4816
4815
11569
11570
4812
4811
4810
4809
11575
4807
4806
4805
4804
11580
4802
4801
4800
4799
11585
4797
4796
4795
4794
4793
4792
11592
4790
4789
4788
4787
4786
4785
4784
4783
4782
4781
4780
11604
11605
11606
4776
4775
4774
4773
4772
11612
4770
4769
4768
11616
4766
4765
4764
4763
4762
4761
4760
4759
4758
4757
4756
4755
11629
4753
4752
4751
4750
4749
4748
4747
4746
4745
4744
4743
4742
4741
11643
4739
4738
4737
4736
4735
4734
4733
11651
4731
4730
4729
4728
4727
11657
11658
4724
4723
4722
4721
4720
11664
4718
4717
11667
11668
11669
4713
11671
11672
4710
11674
4708
4707
11677
4705
4704
11680
11681
11682
4700
4699
4698
4697
4696
11688
4694
4693
11691
11692
4690
4689
4688
11696
11697
11698
4684
4683
4682
4681
4680
11704
4678
4677
4676
4675
11709
4673
11711
4671
4670
11714
4668
4667
4666
4665
4664
4663
4662
11722
4660
4659
4658
11726
4656
4655
11729
11730
4652
4651
4650
11734
11735
4647
4646
11738
11739
4643
11741
11742
11743
11744
11745
4637
4636
4635
4634
4633
4632
4631
4630
4629
4628
4627
4626
4625
4624
11760
11761
4621
4620
4619
4618
4617
11767
11768
4614
4613
4612
11772
4610
4609
11775
11776
11777
4605
11779
4603
4602
4601
11783
4599
4598
4597
4596
4595
11789
11790
11791
11792
11793
4589
11795
11796
4586
4585
4584
4583
4582
11802
4580
4579
4578
4577
4576
4575
4574
4573
4572
11812
4570
4569
4568
4567
4566
4565
4564
11820
11821
4561
4560
11824
4558
11826
4556
4555
4554
4553
4552
4551
4550
4549
4548
11836
4546
4545
4544
4543
4542
4541
4540
4539
4538
11846
11847
4535
11849
4533
11851
4531
4530
4529
11855
4527
4526
4525
11859
11860
4522
4521
4520
4519
4518
4517
4516
4515
4514
4513
4512
11872
4510
4509
11875
4507
4506
4505
4504
4503
4502
4501
4500
4499
4498
4497
4496
4495
4494
4493
4492
4491
4490
4489
4488
4487
4486
4485
11899
4483
4482
4481
4480
4479
4478
4477
4476
4475
11909
11910
4472
11912
4470
4469
4468
4467
4466
4465
4464
4463
11921
4461
11923
4459
4458
4457
11927
4455
4454
11930
4452
4451
4450
11934
4448
4447
4446
4445
4444
11940
4442
4441
4440
11944
4438
4437
11947
4435
4434
11950
4432
4431
11953
4429
4428
4427
4426
4425
4424
4423
11961
4421
4420
4419
4418
4417
4416
11968
4414
4413
4412
11972
4410
11974
4408
11976
11977
11978
4404
11980
11981
4401
4400
4399
4398
11986
4396
11988
11989
4393
4392
4391
4390
4389
4388
11996
4386
4385
4384
12000
4382
4381
4380
4379
12005
4377
12007
12008
4374
4373
12011
12012
4370
4369
12015
4367
12017
4365
4364
4363
4362
4361
4360
12024
4358
12026
4356
4355
4354
4353
4352
4351
4350
12034
4348
4347
4346
4345
12039
4343
4342
12042
4340
4339
4338
4337
12047
4335
4334
4333
12051
4331
4330
12054
4328
4327
4326
4325
4324
4323
4322
4321
12063
12064
12065
4317
4316
4315
4314
4313
4312
4311
12073
4309
12075
4307
12077
12078
4304
4303
4302
4301
4300
12084
4298
4297
4296
4295
4294
12090
4292
12092
12093
4289
12095
12096
4286
4285
4284
4283
4282
4281
4280
4279
4278
4277
4276
4275
4274
4273
12111
4271
4270
4269
4268
4267
4266
4265
12119
12120
12121
4261
4260
4259
12125
4257
12127
12128
12129
4253
4252
4251
4250
4249
4248
4247
4246
4245
4244
4243
4242
4241
12143
4239
12145
4237
4236
4235
12149
4233
4232
12152
4230
4229
4228
4227
12157
4225
12159
4223
4222
4221
4220
4219
12165
4217
4216
4215
4214
4213
4212
12172
4210
4209
4208
12176
4206
4205
12179
4203
4202
4201
4200
12184
4198
12186
4196
4195
12189
4193
4192
4191
4190
4189
12195
4187
4186
4185
4184
4183
4182
4181
4180
4179
12205
12206
4176
4175
4174
4173
4172
4171
12213
12214
4168
4167
4166
4165
4164
4163
4162
4161
4160
4159
12225
4157
4156
4155
4154
4153
12231
4151
12233
4149
12235
4147
4146
4145
4144
4143
4142
4141
4140
12244
4138
12246
12247
4135
4134
12250
12251
4131
12253
4129
4128
4127
4126
12258
4124
4123
4122
12262
12263
4119
4118
4117
4116
4115
12269
4113
4112
12272
4110
4109
12275
4107
4106
12278
12279
12280
4102
4101
4100
4099
4098
4097
4096
12288
12289
4093
4092
4091
4090
4089
4088
12296
12297
4085
4084
4083
4082
4081
4080
4079
12305
4077
4076
4075
12309
4073
4072
4071
12313
4069
4068
12316
12317
4065
12319
4063
4062
4061
12323
4059
4058
4057
4056
12328
12329
12330
12331
12332
12333
4049
4048
4047
12337
4045
4044
12340
4042
4041
4040
12344
4038
4037
4036
4035
4034
4033
4032
4031
4030
4029
4028
12356
4026
4025
4024
4023
4022
4021
4020
12364
4018
12366
4016
4015
4014
12370
4012
4011
4010
4009
4008
4007
4006
4005
12379
4003
4002
4001
4000
3999
3998
12386
3996
3995
3994
12390
3992
3991
12393
3989
3988
12396
12397
3985
3984
3983
12401
3981
12403
12404
12405
3977
3976
3975
3974
3973
3972
3971
12413
3969
3968
12416
3966
3965
12419
12420
12421
3961
3960
3959
3958
3957
3956
3955
3954
3953
3952
3951
12433
3949
3948
3947
3946
3945
3944
12440
12441
3941
12443
3939
12445
12446
3936
12448
12449
3933
3932
3931
12453
3929
3928
12456
12457
3925
3924
3923
3922
3921
3920
12464
3918
3917
3916
12468
3914
3913
12471
3911
3910
3909
3908
3907
3906
3905
3904
3903
3902
3901
3900
12484
3898
3897
3896
3895
3894
12490
3892
3891
3890
3889
3888
12496
3886
3885
3884
3883
3882
3881
3880
3879
3878
3877
3876
3875
3874
3873
3872
3871
3870
3869
3868
3867
3866
3865
3864
3863
3862
3861
12523
3859
3858
3857
3856
3855
12529
12530
3852
3851
12533
3849
3848
3847
3846
12538
12539
3843
3842
3841
3840
12544
3838
3837
3836
12548
3834
12550
3832
3831
3830
12554
3828
3827
3826
3825
12559
3823
3822
3821
12563
3819
3818
3817
12567
3815
3814
3813
3812
3811
3810
3809
3808
3807
3806
3805
3804
3803
3802
3801
3800
12584
12585
3797
3796
3795
3794
3793
12591
3791
3790
3789
3788
3787
3786
3785
3784
3783
3782
3781
3780
3779
3778
3777
3776
3775
3774
3773
12611
3771
3770
3769
12615
3767
3766
3765
12619
12620
3762
3761
12623
3759
3758
3757
3756
12628
3754
12630
3752
12632
3750
3749
3748
3747
12637
3745
3744
3743
3742
3741
3740
3739
12645
3737
3736
3735
3734
3733
3732
3731
12653
3729
3728
3727
3726
3725
3724
3723
3722
12662
3720
3719
3718
12666
12667
12668
3714
3713
3712
12672
3710
12674
3708
3707
3706
3705
3704
3703
3702
3701
3700
3699
12685
3697
12687
12688
3694
3693
3692
12692
3690
12694
3688
12696
3686
3685
12699
3683
12701
12702
12703
3679
3678
3677
3676
3675
3674
3673
3672
3671
3670
3669
3668
3667
3666
12718
3664
3663
12721
12722
12723
12724
3658
3657
12727
12728
3654
12730
12731
3651
12733
3649
3648
3647
3646
3645
3644
12740
3642
3641
3640
12744
3638
3637
3636
3635
3634
3633
3632
3631
12753
3629
3628
3627
3626
3625
3624
3623
3622
12762
12763
3619
3618
12766
12767
3615
12769
12770
3612
3611
3610
12774
3608
3607
3606
3605
3604
3603
3602
3601
3600
3599
3598
3597
3596
12788
3594
12790
3592
12792
3590
12794
3588
12796
3586
3585
12799
3583
12801
3581
3580
3579
3578
3577
3576
12808
3574
3573
12811
3571
3570
3569
3568
12816
3566
3565
3564
3563
3562
3561
12823
3559
12825
12826
3556
3555
12829
3553
3552
3551
12833
12834
12835
3547
3546
12838
3544
3543
3542
3541
3540
3539
3538
12846
3536
3535
3534
3533
3532
3531
3530
3529
12855
3527
3526
12858
12859
3523
3522
12862
3520
12864
3518
12866
3516
12868
3514
3513
3512
3511
12873
3509
12875
3507
12877
3505
3504
3503
3502
3501
3500
12884
3498
3497
12887
3495
3494
12890
3492
3491
3490
3489
3488
12896
3486
3485
3484
3483
3482
3481
12903
12904
3478
12906
3476
12908
3474
3473
3472
12912
3470
3469
3468
3467
3466
3465
3464
3463
12921
3461
3460
3459
3458
3457
3456
12928
3454
3453
3452
12932
12933
12934
3448
3447
3446
3445
3444
3443
3442
12942
3440
3439
12945
3437
3436
3435
3434
3433
3432
3431
3430
3429
12955
3427
3426
3425
3424
3423
3422
3421
12963
3419
3418
3417
12967
12968
12969
3413
3412
3411
3410
3409
3408
12976
3406
3405
3404
3403
3402
3401
3400
12984
12985
3397
3396
3395
12989
3393
3392
3391
3390
3389
3388
3387
12997
3385
12999
3383
13001
13002
3380
3379
3378
3377
3376
3375
3374
13010
13011
3371
3370
13014
13015
3367
3366
3365
3364
3363
3362
13022
13023
3359
3358
13026
3356
3355
3354
3353
3352
3351
13033
13034
3348
3347
3346
3345
3344
3343
3342
3341
13043
3339
3338
3337
3336
3335
3334
3333
3332
3331
3330
3329
13055
3327
3326
3325
3324
3323
3322
3321
13063
3319
3318
3317
3316
3315
13069
3313
3312
3311
3310
3309
3308
3307
13077
13078
3304
3303
3302
13082
13083
3299
3298
3297
3296
3295
3294
3293
13091
3291
3290
3289
3288
3287
13097
3285
3284
13100
3282
13102
3280
3279
3278
13106
13107
3275
3274
3273
13111
3271
13113
13114
3268
13116
13117
3265
3264
13120
13121
3261
3260
13124
3258
3257
13127
3255
13129
3253
3252
13132
3250
13134
3248
3247
3246
3245
3244
13140
3242
3241
13143
3239
13145
3237
3236
3235
3234
13150
3232
13152
3230
3229
13155
3227
3226
3225
3224
13160
3222
3221
3220
3219
3218
3217
3216
3215
3214
13170
3212
13172
3210
3209
3208
3207
3206
13178
3204
3203
3202
3201
3200
3199
3198
3197
13187
3195
3194
3193
3192
3191
3190
13194
13195
3187
13197
3185
3184
3183
13201
3181
13203
3179
3178
13206
3176
13208
3174
13210
13211
13212
3170
3169
13215
3167
3166
3165
13219
3163
3162
3161
3160
13224
3158
3157
13227
3155
3154
3153
13231
3151
3150
13234
13235
3147
3146
3145
3144
3143
3142
3141
3140
3139
3138
3137
13247
13248
3134
13250
3132
3131
3130
3129
3128
3127
3126
3125
3124
3123
3122
3121
3120
3119
13265
3117
3116
3115
13269
3113
3112
3111
13273
3109
3108
3107
3106
3105
3104
3103
3102
3101
3100
3099
13285
13286
3096
3095
3094
3093
3092
3091
3090
3089
3088
3087
3086
3085
3084
3083
3082
13302
3080
13304
3078
3077
3076
3075
13309
3073
3072
3071
3070
3069
3068
3067
3066
3065
3064
13320
13321
3061
3060
3059
3058
3057
3056
3055
13329
3053
3052
13332
3050
3049
13335
13336
3046
3045
3044
13340
13341
3041
3040
13344
3038
3037
3036
3035
3034
3033
3032
3031
13353
3029
13355
3027
13357
3025
3024
3023
3022
13362
3020
13364
13365
13366
3016
3015
3014
3013
3012
3011
3010
3009
3008
3007
3006
13378
3004
3003
3002
3001
3000
13384
13385
2997
2996
2995
2994
2993
2992
2991
2990
2989
2988
13396
13397
2985
2984
13400
13401
2981
13403
2979
2978
2977
13407
2975
2974
13410
2972
2971
2970
2969
2968
2967
2966
2965
2964
2963
2962
2961
2960
2959
2958
2957
2956
2955
13429
2953
13431
13432
2950
2949
13435
2947
2946
2945
2944
2943
13441
2941
13443
2939
2938
2937
2936
13448
13449
13450
2932
13452
13453
2929
2928
13456
2926
2925
2924
2923
2922
13462
13463
2919
2918
2917
13467
2915
2914
13470
2912
2911
2910
2909
2908
2907
2906
13478
2904
2903
2902
13482
2900
2899
13485
2897
13487
2895
13489
2893
2892
2891
2890
2889
13495
2887
2886
2885
2884
13500
2882
2881
2880
13504
2878
13506
2876
2875
2874
2873
13511
2871
13513
13514
2868
13516
13517
13518
2864
2863
13521
2861
13523
2859
2858
2857
2856
2855
2854
2853
13531
13532
2850
13534
13535
2847
2846
2845
2844
13540
2842
2841
2840
13544
2838
2837
13547
2835
2834
2833
2832
13552
2830
13554
2828
2827
2826
2825
2824
2823
2822
2821
2820
13564
13565
2817
2816
2815
13569
2813
2812
2811
2810
2809
13575
2807
2806
2805
2804
13580
2802
13582
2800
2799
2798
2797
2796
2795
13589
2793
2792
2791
13593
13594
2788
2787
2786
2785
2784
2783
2782
2781
2780
13604
2778
2777
13607
2775
13609
2773
2772
2771
2770
2769
2768
2767
2766
2765
13619
2763
13621
2761
2760
2759
2758
13626
13627
2755
13629
13630
2752
2751
2750
13634
2748
2747
2746
2745
2744
13640
2742
2741
2740
2739
13645
2737
2736
2735
13649
2733
2732
2731
2730
2729
2728
2727
2726
13658
2724
2723
2722
13662
2720
2719
13665
13666
13667
2715
13669
2713
2712
2711
2710
2709
2708
2707
2706
2705
2704
2703
2702
2701
2700
13684
2698
2697
13687
2695
2694
2693
2692
2691
2690
2689
2688
13696
2686
13698
13699
2683
2682
2681
2680
2679
13705
2677
2676
2675
2674
2673
13711
2671
13713
2669
2668
13716
2666
2665
2664
13720
13721
13722
2660
2659
2658
2657
2656
2655
2654
2653
2652
13732
2650
2649
13735
13736
13737
2645
2644
2643
2642
2641
2640
2639
2638
2637
2636
2635
13749
2633
2632
2631
2630
13754
2628
2627
2626
2625
2624
2623
2622
2621
2620
2619
2618
13766
2616
13768
13769
13770
2612
13772
13773
13774
2608
2607
2606
2605
13779
2603
2602
2601
2600
2599
13785
13786
2596
2595
2594
2593
13791
2591
2590
2589
2588
2587
2586
2585
2584
2583
2582
2581
2580
13804
2578
13806
2576
2575
2574
13810
2572
13812
13813
2569
2568
2567
2566
13818
2564
2563
2562
13822
13823
2559
2558
2557
13827
13828
2554
13830
13831
2551
2550
13834
2548
2547
2546
2545
2544
2543
2542
2541
13843
13844
13845
2537
2536
13848
13849
2533
2532
2531
2530
2529
13855
2527
13857
2525
2524
2523
2522
13862
2520
2519
2518
2517
2516
2515
13869
13870
2512
13872
2510
2509
2508
13876
2506
2505
2504
13880
13881
2501
2500
13884
13885
2497
2496
13888
2494
2493
2492
13892
2490
2489
2488
2487
13897
13898
2484
13900
2482
2481
2480
2479
2478
13906
13907
2475
2474
2473
13911
2471
2470
2469
2468
13916
2466
2465
2464
2463
2462
2461
2460
2459
2458
2457
2456
2455
13929
2453
13931
13932
13933
2449
2448
2447
2446
2445
2444
2443
2442
13942
2440
2439
2438
2437
13947
2435
2434
2433
2432
2431
2430
13954
2428
2427
2426
2425
2424
2423
13961
2421
13963
13964
2418
2417
2416
13968
13969
13970
2412
2411
2410
2409
2408
2407
2406
13978
2404
2403
2402
2401
2400
2399
2398
2397
13987
13988
2394
2393
2392
2391
2390
2389
2388
2387
2386
13998
2384
2383
2382
2381
2380
2379
2378
14006
2376
2375
14009
14010
14011
2371
14013
2369
2368
14016
2366
2365
14019
2363
2362
2361
14023
2359
2358
2357
14027
2355
2354
2353
2352
2351
2350
2349
2348
14036
14037
2345
2344
2343
14041
2341
14043
14044
2338
2337
14047
2335
2334
2333
14051
2331
2330
14054
14055
2327
2326
2325
2324
2323
14061
14062
14063
2319
2318
2317
2316
2315
2314
2313
2312
14072
2310
2309
2308
2307
2306
14078
2304
2303
2302
14082
2300
2299
2298
2297
14087
14088
14089
2293
2292
14092
2290
2289
2288
2287
2286
2285
2284
2283
2282
14102
14103
14104
14105
2277
14107
14108
2274
2273
2272
2271
2270
2269
14115
2267
2266
2265
14119
2263
2262
2261
14123
2259
14125
14126
14127
2255
2254
2253
2252
2251
2250
2249
2248
14136
14137
2245
14139
2243
2242
2241
2240
2239
14145
2237
2236
2235
2234
14150
2232
2231
2230
2229
2228
14156
2226
2225
2224
2223
2222
14162
2220
2219
2218
2217
2216
2215
2214
14170
2212
14172
2210
2209
14175
2207
2206
2205
2204
2203
2202
14182
2200
14184
2198
2197
14187
14188
2194
2193
14191
2191
2190
2189
2188
2187
2186
2185
2184
2183
14201
14202
14203
2179
2178
14206
14207
14208
2174
2173
14211
14212
14213
14214
14215
2167
14217
2165
2164
2163
14221
2161
14223
2159
2158
2157
14227
2155
2154
2153
2152
2151
2150
14234
14235
2147
2146
2145
2144
14240
2142
2141
14243
14244
2138
2137
14247
14248
14249
2133
2132
2131
2130
14254
2128
14256
2126
2125
14259
2123
2122
2121
14263
14264
2118
2117
2116
14268
2114
2113
2112
2111
14273
2109
2108
2107
2106
2105
2104
2103
2102
14282
2100
2099
2098
2097
2096
2095
2094
2093
2092
14292
2090
14294
2088
2087
14297
2085
2084
2083
2082
2081
14303
14304
2078
14306
14307
14308
2074
2073
14311
2071
2070
2069
2068
14316
2066
2065
2064
2063
14321
2061
2060
2059
2058
2057
2056
2055
14329
2053
2052
2051
2050
14334
14335
14336
14337
2045
2044
2043
2042
2041
2040
2039
2038
2037
2036
2035
2034
2033
2032
2031
14353
2029
14355
14356
2026
14358
14359
14360
2022
2021
2020
2019
2018
2017
2016
2015
2014
2013
2012
2011
14373
2009
14375
2007
14377
2005
2004
2003
2002
2001
14383
1999
14385
1997
14387
1995
1994
14390
1992
1991
1990
1989
1988
1987
14397
1985
1984
1983
14401
1981
1980
1979
14405
1977
1976
14408
1974
1973
14411
1971
1970
1969
1968
1967
1966
14418
1964
14420
1962
1961
14423
1959
14425
1957
1956
1955
1954
1953
1952
1951
1950
14434
14435
1947
1946
1945
1944
1943
14441
1941
14443
1939
14445
14446
1936
1935
1934
1933
1932
1931
1930
1929
1928
1927
1926
1925
1924
1923
14461
1921
1920
1919
14465
14466
14467
14468
1914
1913
1912
1911
1910
1909
14475
1907
14477
1905
1904
14480
14481
14482
14483
1899
1898
1897
14487
1895
14489
1893
1892
14492
14493
1889
1888
1887
1886
14498
1884
1883
1882
1881
1880
1879
1878
14506
1876
1875
1874
1873
14511
14512
1870
1869
1868
14516
1866
1865
1864
1863
14521
1861
1860
1859
1858
1857
1856
1855
14529
1853
1852
14532
1850
1849
1848
1847
1846
1845
1844
1843
1842
1841
14543
1839
1838
14546
1836
1835
1834
1833
1832
1831
14553
1829
14555
1827
1826
1825
14559
1823
1822
1821
14563
14564
14565
14566
1816
14568
1814
14570
1812
1811
1810
1809
1808
1807
1806
14578
1804
1803
1802
14582
14583
1799
14585
14586
1796
1795
1794
1793
1792
14592
14593
1789
1788
1787
1786
1785
1784
1783
1782
14602
1780
1779
14605
1777
1776
14608
1774
1773
1772
1771
1770
14614
1768
1767
1766
14618
1764
1763
1762
1761
1760
1759
1758
1757
14627
14628
14629
1753
1752
1751
1750
1749
1748
1747
1746
1745
1744
1743
1742
1741
1740
14644
14645
1737
1736
1735
14649
14650
1732
14652
14653
1729
1728
1727
1726
14658
14659
1723
14661
1721
1720
14664
1718
1717
1716
14668
1714
1713
1712
14672
1710
1709
14675
1707
1706
1705
1704
14680
14681
14682
14683
1699
1698
1697
1696
1695
1694
14690
1692
1691
1690
1689
1688
1687
1686
1685
1684
1683
1682
1681
1680
1679
1678
1677
1676
1675
1674
14710
14711
1671
1670
1669
1668
14716
14717
1665
1664
1663
14721
1661
1660
1659
14725
1657
1656
14728
1654
1653
14731
1651
1650
1649
1648
1647
1646
14738
1644
1643
1642
14742
1640
1639
1638
1637
1636
1635
1634
14750
1632
1631
1630
1629
1628
1627
1626
14758
14759
1623
1622
14762
14763
14764
1618
1617
1616
1615
1614
1613
1612
1611
1610
1609
1608
1607
1606
1605
1604
1603
1602
1601
1600
1599
1598
1597
1596
1595
1594
1593
1592
1591
1590
1589
1588
1587
1586
1585
1584
1583
14801
1581
1580
1579
14805
14806
1576
1575
1574
1573
1572
14812
1570
1569
1568
1567
1566
1565
1564
1563
1562
1561
1560
1559
1558
1557
1556
14828
1554
1553
1552
1551
1550
14834
1548
1547
1546
1545
1544
1543
1542
1541
1540
14844
14845
1537
14847
1535
1534
1533
1532
1531
1530
1529
1528
1527
14857
14858
1524
1523
1522
1521
14863
1519
14865
1517
1516
1515
1514
1513
14871
14872
1510
14874
1508
1507
1506
14878
1504
1503
1502
1501
1500
1499
1498
1497
1496
1495
1494
1493
1492
1491
1490
14894
1488
1487
1486
1485
1484
1483
1482
1481
14903
14904
1478
14906
14907
1475
1474
1473
1472
14912
1470
1469
14915
1467
1466
14918
1464
1463
1462
14922
1460
1459
1458
1457
1456
1455
14929
14930
14931
14932
1450
14934
1448
1447
1446
1445
14939
1443
14941
1441
1440
1439
1438
1437
14947
1435
1434
14950
14951
14952
1430
1429
1428
1427
1426
14958
1424
14960
1422
14962
1420
1419
14965
1417
1416
1415
14969
1413
1412
1411
1410
14974
14975
14976
1406
14978
14979
1403
1402
14982
14983
1399
1398
1397
1396
1395
1394
14990
14991
1391
1390
1389
14995
1387
1386
1385
1384
15000
1382
1381
15003
1379
1378
1377
1376
1375
1374
1373
15011
1371
1370
15014
15015
1367
1366
1365
15019
1363
1362
1361
1360
1359
1358
1357
1356
1355
1354
15030
1352
1351
1350
1349
15035
1347
1346
1345
1344
1343
1342
1341
1340
1339
1338
1337
1336
1335
1334
1333
1332
15052
15053
15054
15055
15056
1326
1325
1324
1323
15061
15062
1320
15064
1318
15066
1316
1315
1314
1313
1312
1311
1310
1309
1308
1307
1306
1305
15079
1303
1302
1301
1300
15084
1298
1297
15087
1295
1294
15090
1292
1291
1290
1289
1288
1287
1286
1285
1284
1283
1282
1281
1280
1279
1278
1277
15107
1275
1274
1273
1272
1271
1270
1269
1268
1267
15117
1265
15119
1263
1262
15122
1260
1259
15125
15126
1256
15128
1254
15130
15131
1251
1250
1249
1248
15136
1246
1245
1244
1243
1242
1241
1240
1239
15145
1237
1236
1235
1234
1233
1232
1231
1230
15154
1228
1227
1226
1225
1224
1223
1222
15162
1220
1219
1218
1217
1216
15168
15169
15170
1212
15172
1210
1209
1208
1207
15177
1205
1204
1203
1202
15182
1200
1199
15185
1197
1196
1195
15189
1193
1192
15192
15193
1189
1188
1187
1186
1185
1184
1183
1182
1181
15203
1179
1178
1177
15207
1175
1174
1173
1172
1171
1170
1169
1168
15216
1166
15218
1164
1163
1162
1161
1160
1159
1158
15226
1156
15228
1154
1153
1152
1151
1150
1149
1148
1147
15237
1145
15239
1143
1142
1141
1140
1139
15245
15246
1136
1135
1134
1133
1132
15252
15253
1129
15255
1127
1126
1125
1124
15260
1122
1121
1120
1119
1118
1117
1116
1115
1114
15270
15271
15272
15273
15274
1108
15276
1106
1105
1104
1103
1102
1101
1100
15284
1098
1097
1096
15288
1094
15290
1092
1091
1090
15294
15295
1087
15297
1085
1084
1083
1082
15302
15303
15304
1078
15306
1076
1075
1074
1073
1072
1071
1070
15314
1068
1067
1066
1065
15319
1063
1062
1061
1060
1059
1058
15326
1056
1055
1054
1053
1052
15332
1050
15334
15335
1047
1046
1045
1044
15340
1042
1041
1040
1039
1038
15346
1036
1035
1034
15350
1032
1031
15353
1029
1028
15356
15357
1025
1024
1023
1022
1021
1020
1019
1018
1017
15367
15368
1014
1013
1012
1011
1010
15374
1008
1007
1006
15378
15379
1003
1002
1001
1000
15384
998
15386
996
15388
994
993
992
15392
15393
15394
988
987
986
985
984
983
15401
981
980
979
15405
977
15407
975
974
973
15411
971
970
15414
968
967
966
965
964
963
15421
961
15423
15424
958
957
956
955
954
953
952
951
950
15434
948
947
946
945
944
943
942
941
940
939
938
937
936
15448
15449
15450
932
15452
930
929
928
927
926
925
924
923
922
921
920
15464
918
15466
916
15468
914
913
912
911
910
909
15475
907
15477
905
15479
15480
902
901
900
15484
898
897
896
895
894
15490
15491
891
890
889
15495
15496
886
885
884
883
882
881
880
879
878
877
876
875
874
15510
872
871
870
15514
15515
867
866
865
15519
863
862
861
15523
859
858
857
856
855
854
853
852
851
850
849
848
847
846
845
844
843
842
841
840
839
838
837
836
15548
15549
833
15551
831
830
15554
828
15556
826
825
824
15560
822
821
820
819
818
817
816
815
814
813
812
811
15573
809
808
807
806
15578
15579
15580
802
801
15583
799
798
797
796
795
794
793
792
791
790
789
788
787
786
785
15599
15600
782
15602
780
779
778
15606
776
775
774
773
772
771
770
769
768
767
766
765
764
763
15621
15622
760
759
758
757
756
15628
754
15630
752
751
750
749
748
747
746
745
15639
743
742
15642
15643
739
738
737
736
15648
15649
733
732
731
15653
729
728
727
15657
15658
724
15660
722
721
720
719
718
15666
716
715
714
713
712
711
710
709
708
707
706
705
15679
703
702
701
700
699
698
15686
15687
695
694
693
692
691
15693
689
688
15696
686
15698
15699
15700
682
681
15703
679
678
677
15707
675
674
673
672
15712
15713
669
668
667
15717
15718
15719
15720
15721
661
660
659
658
657
15727
655
654
653
652
651
15733
15734
648
647
646
645
644
643
642
641
640
639
638
637
15747
15748
15749
633
632
631
630
629
628
627
626
625
624
623
622
15762
620
619
618
617
616
615
614
613
15771
611
610
15774
15775
607
15777
605
604
603
602
15782
600
599
598
597
596
595
594
593
592
591
590
589
15795
587
586
585
15799
583
582
581
580
15804
578
577
576
575
574
573
572
15812
570
15814
568
567
566
565
564
563
15821
15822
560
15824
558
557
15827
555
15829
553
552
15832
550
549
548
547
546
545
544
15840
15841
541
540
539
538
537
15847
535
534
15850
532
531
530
15854
528
527
526
15858
524
523
522
521
520
15864
518
517
516
515
514
513
15871
511
510
509
508
507
15877
505
15879
15880
502
501
500
499
498
497
496
495
15889
493
15891
491
490
489
15895
487
486
15898
484
15900
482
15902
480
479
478
477
476
475
474
473
15911
471
15913
469
15915
467
15917
465
464
463
462
15922
460
459
458
15926
456
455
454
15930
15931
451
450
449
448
447
446
15938
444
443
442
441
440
15944
438
437
436
435
434
433
432
431
430
429
428
427
426
425
424
423
15961
421
420
419
15965
417
416
415
15969
413
412
411
410
15974
408
407
406
15978
15979
403
402
401
15983
399
398
397
15987
15988
394
393
392
391
390
389
388
387
386
385
384
383
382
16002
380
379
16005
377
16007
375
374
373
372
371
370
369
368
367
366
365
364
363
362
16022
360
16024
358
16026
356
16028
354
353
352
351
350
16034
348
16036
346
345
344
343
342
341
16043
339
338
16046
16047
335
16049
333
16051
16052
330
329
328
327
16057
325
324
323
16061
321
320
319
318
16066
316
16068
16069
313
312
16072
310
309
308
307
306
16078
304
303
302
301
300
299
298
297
296
295
294
293
292
291
290
289
288
287
286
16098
16099
16100
282
281
16103
279
16105
277
276
275
16109
273
272
271
270
269
16115
267
16117
265
16119
263
262
16122
260
259
258
257
256
16128
254
253
252
16132
250
249
248
247
246
16138
244
243
16141
241
240
16144
16145
237
236
235
234
233
16151
16152
16153
229
16155
227
226
225
224
223
222
16162
220
219
218
217
216
215
16169
16170
212
211
210
209
16175
207
16177
205
204
16180
202
201
16183
16184
198
197
196
195
194
193
16191
16192
190
189
16195
187
16197
185
184
183
182
181
180
179
178
16206
176
175
174
16210
16211
171
170
169
16215
167
16217
165
164
163
162
161
160
159
16225
157
16227
155
154
16230
152
151
150
149
16235
147
146
145
144
143
142
141
140
139
138
137
136
135
16249
133
132
16252
130
16254
128
16256
126
16258
124
123
122
16262
120
119
118
117
116
115
114
16270
16271
111
16273
109
108
107
106
16278
104
103
102
16282
100
99
98
97
96
95
94
93
92
16292
90
89
88
16296
86
85
84
83
82
16302
80
79
78
77
76
75
74
73
72
71
70
69
68
67
66
65
64
63
62
61
16323
16324
58
16326
56
55
16329
16330
52
16332
50
49
16335
47
16337
45
44
43
42
41
40
39
38
16346
36
35
34
16350
32
31
30
16354
28
27
26
25
24
23
16361
16362
20
16364
18
17
16
16368
14
16370
12
11
10
9
8
7
6
16378
16379
3
2
1
0
