0
1
2
16380
16379
5
6
7
8
9
10
16372
12
13
16369
16368
16
17
18
16364
20
16362
22
23
16359
16358
16357
27
28
16354
30
31
32
33
34
16348
36
37
38
16344
40
41
16341
16340
44
45
16337
47
48
49
16333
51
16331
53
54
55
56
16326
58
59
60
61
62
63
64
65
66
67
68
16314
70
71
16311
73
74
75
76
77
78
79
80
16302
16301
83
84
85
86
87
88
89
90
91
16291
93
16289
95
96
97
16285
99
100
101
102
103
104
105
106
107
108
109
110
111
112
113
114
115
116
16266
118
16264
120
121
122
123
124
16258
126
127
128
129
130
131
16251
133
134
135
16247
137
138
16244
140
16242
142
143
144
16238
146
147
148
149
150
16232
152
153
154
155
16227
16226
158
16224
160
161
16221
163
164
165
166
167
16215
169
16213
171
172
173
174
16208
16207
177
178
179
180
181
182
183
184
16198
16197
187
16195
189
190
191
192
193
194
16188
196
16186
198
199
200
16182
202
203
16179
205
206
16176
16175
16174
210
211
212
213
214
16168
216
217
218
219
220
16162
222
223
224
225
16157
227
228
229
230
231
16151
233
234
235
16147
237
238
239
240
241
16141
243
244
16138
16137
16136
248
249
16133
251
252
253
254
255
256
257
258
16124
16123
261
16121
263
264
16118
16117
267
268
269
270
16112
272
16110
274
275
16107
277
278
16104
16103
281
282
283
284
285
286
287
288
289
290
291
16091
293
294
295
296
297
298
299
300
301
16081
303
304
305
306
16076
16075
309
16073
311
312
16070
314
16068
316
16066
318
319
320
321
322
323
16059
325
326
327
16055
329
330
331
332
16050
334
335
336
337
338
339
16043
341
342
343
344
345
346
16036
348
16034
350
351
16031
16030
354
355
356
357
358
359
360
361
362
363
16019
16018
366
367
16015
369
16013
16012
372
373
16009
16008
376
377
378
16004
16003
381
16001
383
384
385
386
387
388
389
15993
391
392
393
394
15988
396
397
15985
399
400
401
402
403
404
405
406
407
15975
409
410
411
412
413
414
15968
416
417
418
419
420
421
422
423
424
15958
426
427
15955
15954
430
15952
432
15950
434
15948
436
437
438
439
440
441
442
443
15939
15938
15937
15936
448
15934
450
451
452
15930
454
455
15927
457
458
15924
460
461
462
15920
464
465
466
15916
468
469
470
471
472
473
474
475
476
477
478
15904
480
15902
15901
483
15899
485
486
487
488
489
490
491
492
493
15889
495
496
497
15885
15884
500
501
502
503
15879
505
15877
507
508
509
15873
15872
512
513
514
515
516
517
15865
519
520
521
522
523
524
525
526
527
528
529
530
531
532
15850
534
535
536
537
538
15844
540
541
542
543
544
15838
546
547
548
15834
15833
551
15831
553
554
555
15827
15826
558
559
15823
561
562
563
15819
565
566
15816
568
569
570
571
572
573
574
15808
576
577
578
579
580
581
582
583
584
585
586
15796
588
589
590
591
592
593
15789
15788
15787
597
598
599
600
15782
602
603
604
15778
15777
607
608
609
610
611
612
15770
614
615
616
617
15765
619
15763
621
622
15760
624
625
15757
627
628
629
630
631
632
633
634
635
636
637
15745
639
15743
641
642
15740
644
645
646
647
15735
15734
650
651
652
653
654
655
656
657
658
659
15723
15722
15721
663
664
665
666
667
668
669
670
671
672
673
674
15708
15707
15706
678
679
680
15702
682
683
684
685
686
15696
688
15694
15693
15692
692
693
694
695
696
15686
698
699
700
701
702
703
704
15678
15677
15676
708
15674
15673
711
712
713
714
15668
716
717
15665
719
15663
15662
722
15660
724
725
726
727
728
729
730
731
732
733
734
735
736
737
738
739
740
741
15641
743
744
745
746
15636
748
749
750
751
752
753
754
755
756
757
758
759
760
761
762
763
764
765
766
15616
768
769
770
771
772
773
774
775
15607
777
778
779
780
15602
782
15600
784
785
786
15596
788
15594
790
15592
15591
15590
794
795
796
15586
798
799
15583
801
802
15580
804
805
806
807
15575
809
810
811
812
813
814
815
816
817
818
819
15563
821
822
823
824
15558
826
15556
828
829
830
15552
15551
833
15549
835
836
837
838
839
840
841
842
843
844
845
846
847
848
15534
850
15532
852
853
15529
855
856
857
858
859
860
861
862
863
864
865
866
867
868
15514
870
871
872
873
874
875
15507
877
878
15504
880
881
882
883
884
15498
15497
887
15495
15494
890
891
892
893
15489
15488
15487
897
15485
899
900
901
902
903
904
905
15477
15476
15475
15474
15473
911
15471
15470
914
15468
916
917
918
919
920
921
15461
923
15459
925
15457
927
928
929
15453
15452
932
933
934
935
936
937
15445
15444
940
15442
942
15440
15439
15438
15437
947
948
949
950
951
15431
953
954
955
956
957
958
959
960
961
962
15420
15419
965
966
967
968
15414
15413
15412
972
15410
15409
975
976
977
978
979
980
981
982
983
984
15398
986
987
988
989
990
991
15391
993
994
995
15387
997
15385
999
1000
1001
1002
15380
15379
1005
1006
15376
1008
15374
1010
1011
1012
1013
15369
1015
1016
15366
1018
1019
15363
1021
1022
1023
1024
1025
1026
15356
1028
15354
15353
1031
1032
1033
15349
1035
1036
1037
15345
15344
1040
15342
1042
15340
15339
1045
1046
1047
1048
15334
1050
15332
1052
1053
1054
15328
15327
1057
1058
1059
1060
1061
1062
1063
1064
15318
15317
1067
1068
15314
1070
1071
1072
1073
15309
1075
1076
1077
1078
1079
1080
1081
1082
15300
1084
1085
1086
1087
1088
1089
15293
1091
15291
15290
1094
1095
1096
1097
1098
15284
1100
1101
15281
1103
1104
1105
1106
1107
1108
15274
1110
1111
1112
1113
1114
1115
1116
15266
1118
15264
15263
1121
15261
1123
1124
1125
15257
1127
15255
1129
1130
1131
15251
1133
15249
1135
1136
1137
1138
1139
1140
15242
1142
15240
1144
1145
1146
1147
1148
1149
1150
1151
1152
15230
1154
15228
15227
1157
1158
1159
1160
1161
1162
1163
1164
15218
1166
1167
1168
15214
15213
1171
15211
1173
1174
15208
1176
1177
15205
1179
1180
1181
15201
1183
15199
1185
1186
1187
1188
1189
15193
1191
15191
1193
1194
15188
1196
1197
1198
1199
1200
1201
15181
15180
1204
1205
1206
1207
1208
15174
1210
1211
15171
1213
1214
15168
1216
1217
1218
15164
1220
15162
1222
15160
15159
1225
15157
15156
1228
15154
1230
1231
1232
15150
1234
1235
15147
1237
1238
1239
15143
15142
15141
1243
1244
15138
1246
15136
1248
1249
1250
15132
15131
15130
15129
15128
1256
15126
1258
1259
1260
15122
15121
1263
15119
1265
1266
1267
1268
1269
1270
1271
1272
1273
1274
1275
1276
1277
15105
1279
1280
1281
15101
1283
1284
1285
1286
1287
1288
1289
15093
1291
1292
1293
1294
1295
1296
1297
15085
1299
1300
15082
15081
1303
1304
1305
15077
15076
15075
1309
15073
1311
1312
1313
15069
15068
1316
1317
1318
15064
1320
1321
15061
1323
15059
15058
1326
15056
1328
1329
1330
15052
1332
1333
1334
1335
1336
1337
1338
1339
15043
1341
15041
1343
1344
1345
1346
1347
1348
1349
1350
1351
1352
1353
1354
1355
1356
1357
1358
1359
15023
1361
1362
1363
1364
15018
1366
1367
1368
1369
1370
1371
15011
1373
1374
15008
15007
1377
1378
15004
1380
15002
1382
1383
1384
1385
1386
1387
1388
1389
1390
1391
1392
1393
1394
14988
1396
1397
1398
1399
1400
1401
1402
1403
1404
14978
1406
1407
1408
1409
1410
1411
14971
1413
1414
1415
1416
1417
1418
1419
1420
14962
1422
1423
1424
14958
14957
1427
1428
14954
1430
1431
1432
1433
14949
14948
14947
1437
1438
1439
1440
1441
1442
1443
1444
14938
1446
14936
1448
14934
1450
1451
14931
14930
1454
14928
14927
1457
1458
1459
1460
1461
14921
14920
1464
14918
14917
1467
14915
1469
14913
1471
1472
14910
1474
1475
1476
1477
1478
1479
1480
1481
1482
1483
1484
14898
14897
1487
1488
1489
1490
1491
1492
14890
1494
1495
1496
14886
1498
1499
1500
1501
1502
1503
1504
14878
1506
1507
1508
1509
1510
1511
1512
14870
1514
1515
1516
1517
1518
1519
1520
1521
1522
1523
1524
1525
1526
1527
1528
1529
14853
14852
1532
1533
14849
1535
1536
1537
1538
1539
1540
14842
1542
1543
1544
1545
14837
14836
14835
14834
14833
1551
14831
1553
14829
1555
1556
1557
1558
1559
1560
1561
1562
1563
1564
14818
1566
1567
1568
1569
1570
1571
1572
1573
14809
1575
14807
14806
1578
14804
1580
14802
1582
1583
1584
14798
1586
14796
14795
14794
14793
1591
1592
1593
1594
1595
1596
1597
1598
1599
1600
14782
1602
1603
1604
14778
14777
1607
14775
14774
14773
1611
1612
1613
1614
14768
14767
14766
1618
1619
1620
1621
1622
1623
14759
14758
1626
14756
1628
1629
1630
1631
1632
14750
1634
1635
1636
14746
1638
14744
1640
1641
1642
1643
1644
1645
1646
1647
1648
1649
1650
14732
14731
1653
14729
1655
1656
1657
14725
1659
1660
1661
1662
1663
1664
14718
1666
1667
1668
1669
1670
1671
1672
14710
1674
14708
1676
1677
1678
14704
1680
1681
1682
1683
1684
14698
14697
1687
1688
1689
1690
1691
1692
1693
1694
1695
1696
14686
1698
1699
14683
1701
14681
1703
14679
1705
1706
1707
1708
1709
1710
1711
14671
1713
1714
14668
1716
1717
1718
1719
1720
14662
14661
1723
14659
1725
1726
1727
1728
1729
1730
1731
14651
14650
1734
1735
1736
1737
14645
1739
1740
1741
1742
1743
1744
14638
1746
1747
1748
1749
1750
1751
1752
1753
1754
1755
1756
1757
14625
1759
1760
1761
1762
1763
1764
1765
1766
14616
1768
1769
14613
1771
1772
1773
1774
14608
14607
1777
1778
1779
14603
14602
1782
1783
14599
14598
14597
14596
1788
1789
1790
1791
14591
1793
1794
1795
14587
14586
1798
14584
1800
14582
1802
1803
1804
14578
1806
1807
1808
1809
1810
14572
1812
1813
14569
1815
14567
14566
14565
1819
1820
14562
1822
1823
14559
14558
1826
1827
1828
1829
1830
1831
14551
1833
1834
1835
1836
14546
14545
1839
14543
14542
14541
1843
1844
1845
1846
14536
1848
14534
1850
14532
1852
14530
14529
1855
1856
1857
1858
1859
14523
1861
1862
1863
1864
14518
14517
1867
1868
1869
14513
14512
1872
1873
14509
14508
14507
1877
14505
14504
1880
1881
1882
1883
1884
14498
14497
1887
14495
14494
14493
14492
1892
1893
1894
1895
1896
1897
1898
1899
1900
1901
1902
1903
1904
1905
1906
1907
14475
1909
1910
1911
14471
1913
1914
14468
1916
1917
1918
1919
14463
14462
14461
1923
1924
14458
14457
1927
1928
14454
1930
14452
1932
14450
1934
14448
1936
14446
1938
1939
14443
1941
1942
14440
1944
1945
14437
14436
14435
1949
14433
1951
1952
1953
14429
1955
14427
14426
1958
1959
14423
1961
1962
1963
1964
1965
1966
1967
14415
1969
1970
1971
14411
14410
1974
14408
14407
14406
1978
14404
1980
1981
1982
14400
1984
1985
1986
1987
1988
1989
1990
1991
1992
1993
1994
1995
14387
1997
1998
1999
2000
2001
14381
14380
2004
2005
2006
2007
14375
2009
2010
2011
2012
2013
2014
14368
2016
2017
14365
2019
2020
14362
2022
2023
2024
2025
14357
2027
2028
2029
2030
2031
2032
2033
2034
2035
2036
2037
2038
2039
2040
14342
2042
2043
2044
2045
2046
14336
2048
2049
2050
2051
2052
14330
14329
2055
2056
2057
2058
14324
2060
2061
2062
2063
2064
2065
2066
14316
2068
2069
14313
14312
2072
2073
2074
2075
2076
2077
2078
14304
14303
2081
2082
14300
2084
2085
2086
2087
2088
2089
2090
2091
2092
2093
2094
2095
14287
2097
2098
2099
2100
2101
2102
2103
14279
2105
2106
2107
2108
2109
2110
2111
2112
14270
2114
14268
2116
14266
2118
2119
2120
14262
14261
2123
2124
14258
2126
2127
2128
2129
2130
2131
14251
2133
2134
14248
14247
2137
14245
2139
2140
14242
14241
14240
2144
2145
2146
2147
14235
2149
14233
2151
2152
14230
2154
2155
2156
2157
2158
2159
14223
14222
2162
14220
14219
2165
14217
14216
14215
2169
2170
2171
2172
2173
2174
2175
14207
14206
2178
14204
14203
2181
2182
2183
14199
2185
2186
14196
14195
2189
2190
2191
14191
14190
14189
2195
2196
2197
2198
2199
14183
2201
2202
2203
14179
2205
2206
2207
14175
14174
2210
2211
2212
2213
14169
2215
14167
2217
14165
2219
2220
2221
14161
14160
2224
2225
2226
14156
14155
2229
14153
2231
2232
2233
2234
2235
2236
14146
14145
2239
2240
2241
14141
14140
2244
2245
14137
14136
2248
14134
14133
2251
2252
14130
2254
2255
2256
14126
14125
2259
2260
2261
2262
2263
14119
2265
2266
14116
2268
2269
2270
2271
2272
2273
2274
2275
2276
2277
14105
2279
14103
2281
14101
2283
2284
2285
2286
14096
2288
2289
14093
2291
14091
2293
2294
2295
2296
2297
14085
14084
2300
14082
14081
14080
2304
2305
2306
2307
2308
2309
2310
14072
2312
2313
2314
2315
14067
2317
2318
2319
14063
2321
2322
2323
2324
2325
2326
2327
2328
14054
14053
2331
2332
2333
2334
2335
14047
2337
2338
14044
14043
2341
2342
2343
2344
2345
2346
2347
14035
2349
2350
2351
2352
2353
14029
2355
14027
2357
2358
14024
2360
2361
2362
2363
2364
2365
2366
2367
2368
2369
2370
2371
2372
2373
14009
14008
2376
14006
14005
2379
2380
2381
14001
2383
2384
2385
2386
2387
2388
2389
2390
13992
2392
2393
13989
2395
13987
2397
2398
2399
2400
2401
2402
13980
2404
13978
2406
2407
2408
2409
2410
2411
13971
2413
2414
2415
2416
13966
2418
2419
13963
2421
13961
2423
2424
2425
2426
2427
13955
2429
2430
13952
2432
13950
2434
2435
2436
2437
2438
2439
2440
2441
2442
2443
13939
2445
2446
13936
2448
13934
2450
13932
2452
13930
2454
2455
2456
2457
2458
2459
13923
13922
2462
2463
2464
2465
13917
2467
2468
2469
13913
2471
13911
2473
2474
2475
2476
2477
2478
13904
2480
2481
2482
2483
2484
2485
13897
2487
2488
2489
2490
13892
2492
2493
13889
2495
2496
2497
2498
2499
2500
2501
2502
2503
2504
13878
2506
2507
13875
2509
13873
2511
2512
13870
2514
2515
13867
13866
2518
13864
13863
13862
2522
2523
2524
2525
13857
2527
13855
2529
2530
2531
13851
2533
2534
2535
13847
2537
2538
2539
13843
2541
13841
2543
13839
2545
2546
13836
2548
2549
13833
13832
2552
2553
2554
2555
2556
2557
13825
2559
13823
2561
2562
13820
13819
2565
2566
2567
2568
2569
2570
2571
13811
13810
13809
2575
2576
2577
2578
2579
2580
2581
13801
2583
2584
2585
2586
2587
2588
2589
2590
2591
2592
2593
13789
2595
2596
2597
2598
2599
2600
2601
2602
2603
2604
2605
13777
2607
2608
2609
2610
13772
2612
2613
2614
2615
2616
13766
2618
2619
13763
13762
13761
2623
2624
2625
2626
2627
2628
2629
2630
2631
2632
2633
13749
13748
2636
13746
2638
13744
2640
2641
2642
13740
13739
13738
2646
2647
2648
2649
2650
2651
13731
2653
2654
2655
13727
13726
2658
13724
2660
2661
2662
2663
13719
13718
2666
2667
13715
2669
2670
2671
2672
2673
13709
2675
2676
2677
13705
2679
2680
2681
2682
13700
2684
2685
13697
2687
2688
2689
2690
2691
13691
2693
2694
2695
2696
2697
13685
13684
2700
2701
2702
2703
2704
2705
13677
2707
13675
13674
13673
13672
2712
2713
2714
2715
2716
2717
13665
2719
13663
2721
2722
2723
2724
13658
2726
2727
13655
13654
2730
13652
2732
2733
2734
13648
2736
13646
13645
13644
2740
13642
2742
2743
2744
13638
13637
2747
2748
2749
13633
13632
2752
2753
2754
2755
2756
13626
2758
2759
2760
2761
2762
2763
13619
2765
2766
13616
2768
2769
13613
2771
2772
13610
13609
2775
13607
13606
13605
2779
2780
13602
2782
2783
2784
2785
2786
13596
2788
2789
2790
2791
2792
13590
13589
2795
2796
2797
2798
2799
2800
13582
13581
2803
2804
13578
2806
2807
2808
2809
2810
2811
2812
2813
2814
13568
13567
2817
13565
2819
2820
13562
2822
13560
13559
2825
2826
2827
2828
2829
2830
13552
2832
13550
13549
2835
13547
2837
13545
2839
2840
2841
2842
2843
2844
2845
2846
2847
2848
2849
2850
2851
2852
2853
2854
2855
2856
13526
2858
2859
2860
2861
2862
2863
2864
2865
2866
13516
2868
13514
2870
2871
2872
2873
2874
2875
2876
13506
2878
2879
2880
2881
2882
13500
2884
2885
2886
2887
13495
2889
2890
2891
13491
2893
2894
2895
2896
2897
2898
2899
2900
13482
13481
2903
13479
2905
2906
2907
13475
2909
2910
13472
13471
13470
13469
13468
2916
2917
2918
2919
2920
2921
2922
2923
13459
2925
13457
13456
2928
2929
2930
2931
2932
13450
2934
13448
13447
2937
2938
13444
2940
2941
2942
2943
2944
2945
2946
13436
2948
13434
2950
13432
13431
2953
2954
2955
2956
2957
2958
2959
2960
2961
2962
2963
2964
2965
2966
2967
2968
2969
2970
2971
2972
2973
2974
2975
2976
2977
2978
2979
13403
2981
13401
2983
2984
13398
13397
13396
13395
2989
2990
2991
2992
13390
13389
2995
13387
2997
2998
2999
3000
3001
3002
13380
3004
3005
3006
3007
3008
3009
3010
13372
3012
3013
3014
3015
3016
3017
3018
3019
3020
3021
3022
13360
3024
13358
3026
13356
3028
13354
3030
13352
3032
3033
3034
3035
13347
3037
3038
3039
3040
3041
3042
3043
3044
3045
13337
3047
3048
3049
3050
3051
3052
3053
3054
13328
3056
3057
3058
13324
3060
3061
3062
3063
3064
13318
3066
3067
3068
13314
3070
3071
3072
3073
3074
3075
13307
3077
3078
13304
3080
3081
13301
13300
13299
13298
13297
3087
3088
3089
3090
3091
3092
3093
3094
3095
13287
3097
3098
3099
3100
3101
3102
3103
3104
13278
3106
13276
3108
13274
3110
3111
13271
3113
3114
3115
3116
3117
3118
13264
3120
13262
3122
3123
3124
3125
3126
13256
3128
3129
3130
3131
13251
3133
3134
3135
3136
13246
13245
3139
3140
3141
3142
3143
13239
3145
3146
3147
3148
3149
3150
3151
3152
3153
3154
3155
3156
3157
3158
13224
3160
3161
13221
13220
13219
3165
13217
13216
3168
3169
13213
13212
13211
3173
13209
3175
3176
3177
3178
3179
13203
3181
3182
13200
3184
3185
3186
3187
3188
3189
13193
13192
13191
3193
3194
3195
13187
13186
3198
3199
3200
3201
13181
13180
13179
3205
3206
3207
3208
3209
13173
13172
3212
13170
3214
3215
3216
3217
3218
3219
13163
13162
3222
3223
3224
3225
3226
3227
3228
3229
3230
3231
3232
3233
13149
13148
13147
3237
13145
3239
13143
13142
3242
3243
3244
3245
3246
3247
3248
3249
3250
3251
3252
3253
13129
3255
3256
3257
3258
13124
3260
3261
3262
13120
3264
3265
3266
3267
3268
3269
3270
3271
3272
3273
13109
3275
3276
3277
3278
13104
3280
3281
3282
3283
3284
3285
3286
3287
3288
13094
3290
3291
3292
3293
3294
3295
3296
3297
3298
3299
3300
3301
3302
3303
3304
13078
13077
3307
3308
13074
3310
3311
3312
3313
3314
13068
3316
3317
13065
3319
13063
3321
3322
3323
3324
3325
3326
3327
3328
13054
3330
3331
3332
3333
13049
3335
13047
3337
3338
3339
3340
3341
3342
3343
3344
3345
3346
3347
3348
3349
3350
3351
13031
3353
3354
3355
3356
13026
3358
3359
13023
3361
3362
3363
13019
3365
3366
3367
13015
3369
3370
3371
3372
3373
3374
13008
3376
3377
3378
3379
3380
3381
3382
3383
3384
3385
3386
3387
3388
3389
12993
3391
3392
12990
12989
3395
3396
3397
3398
3399
12983
3401
3402
3403
3404
12978
3406
3407
3408
12974
3410
12972
3412
3413
3414
3415
3416
3417
12965
3419
3420
3421
3422
3423
3424
3425
3426
12956
3428
3429
3430
3431
3432
12950
3434
3435
3436
12946
3438
3439
3440
12942
12941
3443
12939
3445
3446
3447
3448
3449
12933
3451
3452
12930
3454
12928
3456
12926
3458
12924
3460
12922
3462
3463
3464
3465
3466
3467
3468
3469
12913
3471
3472
12910
3474
3475
12907
3477
3478
3479
3480
3481
3482
3483
3484
12898
3486
3487
3488
3489
3490
12892
12891
3493
3494
12888
3496
3497
3498
3499
12883
12882
3502
3503
3504
3505
3506
3507
12875
12874
12873
3511
12871
3513
3514
12868
12867
3517
3518
12864
3520
12862
3522
12860
12859
3525
3526
3527
3528
3529
12853
3531
12851
3533
3534
3535
3536
3537
3538
12844
3540
3541
3542
3543
3544
3545
12837
3547
3548
3549
3550
3551
3552
3553
12829
3555
3556
3557
3558
3559
3560
12822
3562
3563
3564
3565
3566
3567
3568
3569
3570
3571
3572
3573
12809
3575
12807
3577
3578
12804
3580
3581
3582
3583
3584
3585
3586
12796
3588
12794
3590
3591
12791
3593
3594
3595
3596
3597
3598
3599
3600
3601
3602
3603
3604
3605
3606
3607
3608
12774
3610
12772
3612
12770
3614
3615
3616
3617
3618
3619
3620
3621
3622
3623
3624
3625
3626
3627
12755
3629
3630
3631
12751
3633
3634
3635
3636
3637
3638
3639
3640
12742
3642
12740
12739
3645
3646
3647
3648
3649
12733
3651
3652
3653
3654
12728
3656
12726
3658
3659
3660
3661
3662
12720
3664
3665
3666
3667
3668
12714
3670
3671
12711
3673
3674
3675
3676
3677
3678
3679
3680
3681
3682
3683
3684
3685
3686
3687
3688
3689
3690
3691
3692
3693
3694
3695
3696
3697
12685
3699
3700
3701
3702
3703
3704
3705
3706
3707
3708
3709
3710
3711
3712
3713
12669
3715
3716
3717
3718
3719
3720
12662
3722
3723
3724
3725
3726
12656
3728
3729
3730
12652
3732
3733
3734
3735
3736
3737
12645
12644
3740
12642
3742
12640
3744
3745
3746
3747
3748
3749
3750
12632
3752
3753
3754
3755
3756
3757
3758
3759
12623
3761
3762
3763
3764
3765
3766
12616
12615
12614
12613
3771
3772
3773
3774
3775
3776
12606
3778
3779
3780
12602
3782
3783
12599
3785
3786
3787
3788
3789
12593
3791
12591
3793
12589
3795
12587
3797
3798
3799
12583
12582
3802
12580
3804
12578
12577
12576
3808
12574
3810
3811
12571
3813
3814
12568
3816
3817
3818
3819
12563
3821
12561
3823
3824
3825
12557
12556
12555
3829
3830
12552
12551
3833
3834
3835
3836
3837
3838
12544
12543
3841
12541
3843
12539
3845
3846
3847
3848
3849
3850
3851
3852
3853
3854
3855
12527
3857
3858
12524
3860
3861
3862
12520
3864
3865
3866
3867
12515
12514
3870
3871
3872
3873
3874
12508
3876
3877
3878
3879
3880
3881
12501
3883
3884
12498
12497
3887
3888
12494
3890
3891
3892
3893
3894
3895
3896
12486
3898
3899
3900
3901
12481
3903
12479
3905
3906
3907
12475
3909
3910
3911
3912
3913
3914
3915
3916
3917
3918
3919
12463
12462
3922
3923
12459
3925
3926
3927
3928
3929
12453
12452
3932
3933
3934
3935
3936
3937
3938
3939
3940
3941
12441
3943
3944
3945
3946
3947
3948
3949
12433
3951
3952
12430
3954
12428
12427
3957
3958
3959
12423
3961
3962
3963
12419
3965
3966
3967
3968
3969
12413
3971
3972
12410
3974
3975
12407
3977
3978
12404
3980
3981
3982
3983
3984
3985
3986
3987
3988
3989
12393
3991
3992
3993
3994
12388
12387
3997
3998
3999
4000
4001
4002
4003
4004
4005
12377
4007
4008
12374
12373
12372
12371
4013
4014
12368
4016
4017
4018
4019
12363
4021
4022
12360
4024
4025
4026
12356
4028
4029
12353
4031
4032
4033
4034
4035
4036
4037
4038
4039
4040
12342
4042
4043
12339
12338
12337
4047
4048
4049
12333
4051
12331
12330
4054
4055
12327
12326
4058
4059
12323
12322
4062
4063
12319
4065
12317
4067
12315
4069
4070
4071
12311
4073
4074
12308
4076
12306
4078
4079
4080
4081
12301
4083
4084
12298
4086
4087
4088
4089
4090
4091
4092
4093
4094
4095
4096
4097
4098
4099
4100
4101
4102
4103
12279
12278
4106
4107
4108
4109
12273
4111
4112
4113
4114
4115
4116
12266
4118
4119
4120
4121
12261
4123
4124
4125
12257
4127
4128
4129
4130
4131
4132
4133
4134
4135
4136
4137
4138
4139
4140
12242
4142
12240
4144
12238
4146
4147
4148
4149
12233
4151
4152
4153
12229
4155
4156
4157
4158
12224
4160
4161
4162
4163
4164
4165
4166
4167
12215
12214
4170
4171
4172
4173
4174
4175
4176
4177
12205
4179
12203
12202
4182
4183
4184
4185
12197
4187
4188
12194
12193
4191
4192
4193
12189
4195
4196
4197
4198
4199
12183
4201
12181
4203
4204
4205
4206
4207
4208
4209
12173
4211
4212
12170
12169
12168
4216
12166
12165
4219
12163
4221
4222
12160
4224
4225
12157
12156
4228
4229
4230
4231
4232
4233
4234
4235
4236
12146
4238
4239
4240
4241
4242
4243
4244
4245
4246
4247
4248
4249
4250
4251
12131
4253
4254
12128
4256
4257
4258
12124
4260
12122
4262
12120
4264
4265
4266
4267
4268
4269
12113
4271
4272
4273
4274
4275
4276
12106
4278
4279
4280
4281
4282
12100
12099
4285
4286
4287
4288
4289
4290
12092
12091
4293
4294
4295
4296
12086
4298
4299
4300
4301
4302
4303
4304
4305
4306
12076
12075
4309
12073
12072
4312
12070
4314
4315
4316
12066
4318
4319
4320
12062
4322
4323
12059
4325
4326
4327
12055
4329
4330
4331
4332
4333
12049
4335
12047
4337
4338
4339
4340
4341
4342
12040
4344
4345
4346
12036
4348
12034
12033
4351
4352
4353
12029
4355
4356
4357
4358
12024
4360
4361
4362
4363
12019
4365
4366
4367
4368
4369
4370
12012
4372
12010
12009
12008
4376
4377
4378
4379
4380
12002
12001
4383
4384
4385
11997
11996
4388
11994
4390
4391
4392
4393
4394
4395
4396
4397
4398
11984
4400
4401
11981
4403
4404
4405
4406
4407
11975
11974
4410
4411
11971
4413
4414
4415
11967
11966
11965
4419
4420
4421
4422
4423
4424
11958
4426
11956
4428
4429
4430
4431
4432
4433
4434
11948
4436
4437
4438
4439
11943
4441
11941
11940
11939
11938
4446
4447
4448
4449
11933
11932
4452
11930
4454
4455
11927
4457
4458
4459
4460
11922
4462
11920
4464
4465
4466
4467
11915
4469
4470
11912
4472
4473
11909
4475
11907
4477
4478
4479
4480
4481
4482
11900
4484
11898
4486
4487
4488
4489
4490
4491
4492
4493
11889
4495
4496
4497
4498
4499
11883
11882
4502
11880
4504
11878
4506
4507
11875
4509
4510
4511
4512
4513
4514
4515
4516
11866
11865
11864
4520
4521
4522
4523
4524
4525
11857
11856
4528
11854
4530
4531
4532
11850
4534
4535
4536
4537
4538
4539
4540
4541
11841
4543
4544
4545
4546
4547
4548
4549
11833
11832
4552
4553
11829
11828
11827
11826
4558
4559
4560
11822
4562
4563
11819
11818
4566
4567
4568
4569
4570
4571
4572
11810
11809
11808
11807
4577
4578
4579
4580
4581
11801
4583
4584
4585
4586
4587
11795
4589
4590
4591
4592
4593
11789
4595
11787
4597
4598
4599
4600
11782
11781
4603
4604
4605
11777
4607
4608
11774
4610
4611
4612
4613
11769
4615
11767
11766
11765
11764
4620
4621
11761
4623
4624
11758
11757
4627
4628
4629
4630
4631
4632
4633
11749
11748
11747
11746
4638
4639
11743
4641
4642
4643
4644
4645
11737
11736
4648
11734
4650
11732
11731
4653
11729
4655
4656
4657
4658
4659
4660
11722
4662
11720
4664
4665
11717
4667
4668
4669
11713
4671
4672
11710
4674
11708
4676
4677
11705
11704
4680
11702
4682
11700
4684
4685
4686
4687
11695
4689
4690
4691
4692
4693
11689
4695
11687
4697
11685
4699
4700
4701
4702
4703
11679
4705
4706
11676
4708
4709
4710
11672
11671
4713
4714
4715
4716
4717
4718
4719
11663
11662
11661
11660
4724
4725
4726
4727
4728
4729
4730
4731
11651
11650
4734
4735
11647
4737
4738
4739
4740
4741
4742
4743
4744
4745
4746
11636
11635
4749
4750
4751
4752
4753
4754
11628
4756
4757
4758
4759
4760
11622
4762
4763
4764
4765
4766
4767
11615
4769
11613
4771
11611
4773
11609
4775
11607
4777
4778
4779
11603
4781
4782
4783
4784
4785
4786
4787
4788
4789
11593
4791
4792
4793
4794
4795
11587
4797
11585
4799
11583
4801
4802
4803
4804
11578
4806
11576
4808
4809
4810
4811
11571
4813
4814
4815
4816
4817
4818
4819
4820
4821
11561
11560
11559
4825
4826
4827
11555
4829
11553
11552
4832
4833
4834
4835
4836
4837
11545
11544
11543
11542
4842
4843
4844
4845
4846
4847
4848
4849
4850
4851
4852
4853
4854
4855
4856
4857
4858
4859
4860
4861
4862
4863
11519
4865
4866
4867
4868
11514
4870
4871
11511
4873
11509
11508
4876
4877
4878
4879
4880
4881
11501
11500
4884
11498
11497
4887
4888
4889
4890
4891
4892
4893
4894
4895
11487
4897
4898
4899
11483
4901
4902
4903
4904
4905
11477
4907
4908
4909
11473
4911
4912
4913
4914
4915
4916
4917
11465
4919
4920
4921
4922
4923
11459
11458
4926
11456
4928
4929
4930
4931
4932
4933
4934
4935
11447
4937
4938
4939
4940
4941
4942
4943
4944
4945
4946
4947
11435
4949
11433
4951
11431
11430
4954
11428
11427
4957
4958
4959
4960
4961
11421
4963
4964
4965
4966
4967
4968
4969
4970
11412
4972
4973
4974
4975
4976
4977
11405
11404
4980
4981
4982
4983
4984
4985
4986
4987
4988
11394
4990
4991
4992
4993
4994
4995
4996
4997
4998
4999
5000
5001
5002
5003
5004
11378
5006
5007
5008
5009
5010
5011
5012
5013
5014
5015
5016
5017
5018
5019
5020
5021
11361
5023
5024
5025
11357
5027
11355
5029
11353
5031
5032
11350
5034
5035
5036
5037
5038
11344
5040
5041
5042
5043
5044
5045
11337
5047
5048
5049
5050
5051
5052
11330
11329
5055
5056
5057
5058
5059
11323
5061
5062
5063
5064
11318
5066
5067
5068
5069
5070
11312
5072
5073
5074
5075
5076
11306
5078
5079
5080
5081
5082
5083
5084
5085
5086
5087
5088
5089
5090
5091
5092
5093
5094
5095
5096
5097
5098
5099
5100
11282
5102
11280
5104
11278
5106
5107
5108
5109
5110
5111
5112
5113
5114
11268
5116
11266
11265
5119
5120
5121
11261
5123
5124
5125
5126
5127
5128
5129
5130
5131
5132
11250
11249
5135
5136
5137
5138
5139
5140
11242
5142
5143
5144
5145
5146
11236
5148
5149
5150
5151
5152
5153
5154
5155
11227
5157
5158
5159
5160
5161
5162
5163
5164
5165
11217
5167
11215
5169
11213
5171
5172
11210
5174
5175
5176
5177
5178
5179
5180
5181
11201
5183
5184
5185
5186
5187
5188
5189
5190
5191
5192
5193
5194
5195
5196
5197
11185
5199
5200
11182
5202
11180
5204
5205
5206
5207
5208
5209
11173
11172
5212
11170
5214
5215
11167
5217
5218
5219
5220
5221
5222
5223
5224
11158
11157
5227
5228
5229
5230
11152
11151
5233
5234
5235
5236
5237
5238
5239
11143
5241
11141
5243
5244
11138
11137
5247
5248
5249
5250
5251
5252
5253
5254
5255
5256
11126
5258
11124
5260
11122
5262
11120
5264
5265
5266
5267
5268
5269
5270
11112
5272
5273
5274
5275
11107
5277
5278
5279
5280
11102
5282
5283
5284
5285
5286
5287
5288
5289
5290
5291
5292
5293
5294
5295
5296
5297
5298
5299
5300
5301
11081
5303
5304
5305
5306
5307
5308
5309
5310
5311
5312
5313
5314
5315
5316
11066
11065
5319
11063
5321
5322
11060
5324
5325
5326
5327
5328
5329
5330
5331
5332
5333
5334
5335
11047
5337
5338
5339
11043
11042
5342
5343
5344
5345
5346
5347
5348
5349
5350
11032
5352
5353
5354
5355
11027
5357
5358
11024
11023
5361
5362
5363
5364
11018
5366
5367
5368
5369
5370
5371
5372
11010
5374
5375
11007
5377
5378
5379
5380
5381
11001
11000
5384
5385
5386
10996
5388
5389
5390
5391
5392
5393
5394
5395
10987
5397
5398
5399
5400
5401
10981
5403
5404
5405
5406
5407
5408
5409
5410
5411
5412
10970
5414
10968
10967
5417
10965
5419
5420
5421
5422
5423
5424
5425
5426
10956
5428
5429
5430
5431
10951
10950
10949
5435
5436
5437
5438
5439
5440
5441
5442
5443
5444
5445
5446
5447
10935
10934
5450
10932
5452
5453
5454
10928
5456
10926
5458
10924
5460
5461
10921
10920
5464
5465
5466
5467
5468
5469
5470
5471
10911
5473
5474
5475
5476
5477
5478
5479
5480
5481
10901
10900
10899
5485
5486
10896
10895
5489
5490
5491
5492
10890
5494
5495
5496
5497
5498
5499
10883
10882
5502
5503
5504
5505
5506
5507
5508
5509
5510
10872
5512
5513
10869
5515
10867
5517
5518
5519
5520
10862
5522
5523
5524
5525
10857
10856
5528
5529
5530
5531
5532
5533
10849
10848
5536
5537
5538
5539
5540
5541
10841
5543
5544
5545
10837
10836
5548
5549
10833
5551
5552
5553
5554
5555
5556
5557
5558
5559
5560
5561
5562
5563
5564
5565
5566
10816
5568
5569
5570
5571
5572
5573
5574
5575
5576
10806
5578
5579
5580
5581
10801
5583
10799
5585
5586
5587
5588
5589
5590
5591
10791
5593
5594
5595
5596
10786
5598
5599
5600
5601
10781
5603
5604
5605
5606
5607
10775
5609
5610
10772
10771
5613
5614
5615
5616
5617
10765
10764
5620
10762
5622
5623
5624
5625
10757
5627
5628
5629
5630
5631
5632
5633
5634
5635
5636
10746
5638
5639
5640
5641
5642
5643
5644
5645
5646
5647
5648
10734
5650
10732
10731
5653
5654
5655
5656
5657
5658
5659
5660
5661
10721
5663
5664
5665
5666
5667
10715
10714
10713
5671
5672
5673
10709
5675
5676
10706
5678
10704
5680
10702
5682
5683
10699
10698
10697
10696
5688
5689
5690
10692
5692
5693
5694
5695
5696
10686
5698
5699
10683
5701
10681
5703
5704
5705
10677
5707
5708
10674
5710
5711
5712
5713
5714
5715
5716
5717
5718
5719
10663
5721
5722
5723
5724
5725
5726
5727
5728
5729
5730
10652
5732
5733
10649
5735
10647
5737
5738
5739
5740
5741
5742
10640
5744
5745
5746
5747
5748
5749
5750
5751
5752
5753
10629
5755
10627
10626
5758
5759
5760
5761
5762
5763
10619
10618
5766
5767
5768
5769
10613
5771
5772
5773
5774
10608
5776
5777
5778
5779
10603
10602
10601
10600
5784
5785
10597
10596
10595
5789
10593
10592
5792
10590
5794
5795
5796
5797
5798
5799
5800
5801
5802
5803
5804
5805
5806
5807
5808
5809
10573
10572
10571
5813
5814
5815
5816
5817
5818
5819
5820
5821
10561
5823
5824
5825
10557
5827
5828
10554
5830
5831
5832
10550
5834
10548
5836
5837
5838
5839
5840
5841
5842
5843
5844
10538
5846
5847
5848
10534
5850
5851
10531
5853
5854
5855
5856
5857
5858
5859
5860
5861
5862
5863
5864
5865
5866
5867
5868
10514
5870
5871
5872
5873
5874
10508
5876
5877
5878
5879
5880
5881
10501
5883
10499
10498
10497
10496
10495
5889
5890
5891
5892
5893
10489
5895
5896
10486
5898
5899
10483
5901
5902
5903
5904
5905
10477
5907
10475
10474
5910
5911
5912
5913
5914
5915
5916
10466
5918
5919
5920
5921
5922
5923
10459
5925
5926
5927
5928
5929
5930
5931
5932
10450
10449
10448
5936
5937
10445
5939
5940
5941
5942
5943
5944
5945
5946
5947
10435
5949
5950
10432
5952
5953
10429
10428
5956
5957
5958
5959
10423
5961
5962
5963
10419
5965
10417
5967
5968
5969
5970
5971
5972
5973
5974
10408
5976
10406
5978
5979
5980
10402
5982
5983
5984
5985
10397
5987
5988
5989
5990
5991
10391
5993
10389
10388
5996
5997
5998
5999
10383
10382
10381
6003
6004
10378
6006
10376
6008
6009
10373
6011
6012
6013
6014
10368
6016
10366
6018
6019
6020
10362
10361
6023
6024
6025
6026
6027
6028
6029
6030
6031
10351
10350
6034
6035
10347
10346
6038
10344
10343
6041
6042
10340
6044
6045
10337
6047
10335
6049
10333
10332
6052
6053
10329
6055
6056
6057
10325
6059
6060
6061
6062
6063
10319
6065
10317
10316
6068
6069
6070
6071
10311
10310
6074
6075
6076
10306
6078
6079
6080
6081
10301
6083
6084
6085
6086
10296
6088
10294
10293
6091
6092
10290
10289
10288
6096
10286
6098
6099
6100
6101
6102
10280
6104
6105
10277
6107
6108
10274
6110
6111
6112
6113
6114
10268
6116
6117
6118
6119
6120
10262
6122
10260
6124
6125
6126
10256
6128
10254
6130
6131
6132
6133
6134
6135
6136
10246
10245
10244
6140
6141
6142
6143
6144
6145
6146
6147
6148
6149
10233
6151
6152
6153
10229
6155
6156
10226
6158
6159
10223
6161
6162
10220
6164
10218
6166
6167
6168
10214
10213
6171
10211
6173
6174
10208
6176
6177
6178
6179
10203
6181
6182
6183
6184
10198
6186
6187
6188
6189
6190
6191
6192
6193
10189
6195
6196
10186
6198
6199
10183
6201
6202
6203
10179
10178
6206
6207
10175
10174
10173
10172
6212
10170
6214
10168
6216
6217
10165
10164
6220
10162
10161
6223
6224
10158
6226
6227
6228
10154
6230
6231
10151
6233
6234
6235
6236
6237
6238
6239
10143
6241
6242
6243
10139
6245
10137
10136
6248
6249
6250
6251
6252
10130
10129
6255
6256
6257
6258
6259
10123
6261
6262
10120
6264
6265
6266
6267
6268
6269
6270
10112
6272
6273
6274
6275
6276
10106
6278
6279
6280
6281
6282
6283
6284
6285
6286
6287
6288
6289
6290
10092
10091
6293
6294
10088
6296
10086
6298
10084
6300
6301
6302
6303
10079
6305
6306
6307
10075
6309
6310
10072
10071
6313
10069
6315
6316
10066
6318
6319
6320
6321
6322
10060
6324
10058
6326
10056
6328
6329
10053
10052
6332
6333
10049
10048
6336
6337
10045
10044
6340
10042
6342
10040
6344
6345
6346
6347
6348
10034
6350
6351
6352
6353
10029
6355
6356
6357
10025
6359
6360
6361
6362
10020
10019
10018
6366
6367
6368
6369
6370
6371
6372
6373
6374
10008
6376
6377
6378
6379
6380
10002
6382
10000
6384
6385
6386
6387
6388
6389
6390
6391
6392
9990
9989
9988
6396
6397
6398
6399
6400
6401
6402
6403
6404
9978
6406
9976
6408
9974
6410
6411
6412
6413
6414
6415
6416
6417
6418
6419
9963
6421
6422
9960
9959
9958
6426
6427
6428
6429
6430
6431
6432
6433
6434
6435
9947
6437
6438
6439
6440
9942
6442
9940
9939
6445
6446
9936
6448
6449
9933
6451
6452
6453
6454
9928
6456
6457
9925
6459
6460
6461
9921
9920
6464
6465
6466
6467
6468
6469
9913
6471
6472
6473
9909
9908
9907
6477
9905
6479
6480
6481
6482
6483
9899
6485
6486
9896
6488
6489
9893
6491
6492
6493
9889
6495
6496
9886
9885
6499
6500
6501
6502
6503
6504
6505
6506
6507
6508
6509
6510
6511
9871
6513
6514
6515
6516
9866
6518
6519
9863
9862
6522
9860
9859
9858
9857
6527
9855
9854
6530
6531
6532
6533
6534
6535
6536
6537
6538
6539
6540
6541
6542
9840
9839
6545
6546
6547
6548
9834
6550
6551
9831
6553
6554
6555
6556
6557
6558
6559
9823
6561
9821
6563
6564
6565
6566
6567
9815
6569
6570
6571
6572
6573
6574
6575
6576
9806
6578
6579
6580
6581
9801
9800
9799
6585
6586
6587
6588
6589
6590
9792
9791
6593
9789
6595
9787
6597
6598
9784
6600
6601
6602
6603
9779
6605
6606
6607
6608
9774
6610
6611
6612
6613
6614
6615
6616
6617
6618
6619
6620
9762
9761
6623
9759
6625
9757
6627
9755
6629
6630
9752
9751
9750
6634
6635
6636
6637
6638
6639
9743
6641
6642
6643
6644
9738
6646
6647
9735
6649
6650
9732
6652
9730
6654
6655
6656
9726
6658
9724
6660
6661
6662
6663
6664
6665
6666
6667
6668
6669
6670
6671
9711
6673
6674
6675
6676
6677
6678
6679
6680
9702
6682
6683
9699
6685
6686
6687
6688
6689
9693
9692
6692
6693
6694
6695
6696
6697
6698
6699
6700
6701
6702
6703
9679
6705
9677
6707
9675
6709
6710
6711
6712
6713
6714
6715
6716
6717
6718
6719
6720
9662
6722
6723
6724
6725
9657
6727
9655
6729
9653
9652
6732
6733
6734
9648
6736
9646
6738
6739
6740
6741
6742
9640
9639
6745
6746
6747
6748
6749
6750
9632
6752
6753
6754
6755
6756
6757
6758
6759
6760
9622
6762
6763
6764
6765
6766
6767
9615
9614
6770
9612
6772
6773
6774
6775
6776
6777
6778
6779
6780
6781
6782
6783
6784
9598
9597
9596
6788
6789
6790
6791
9591
6793
9589
6795
6796
6797
6798
9584
6800
9582
6802
6803
6804
9578
6806
6807
6808
9574
9573
6811
6812
6813
6814
6815
6816
6817
6818
6819
6820
9562
6822
6823
6824
9558
6826
6827
6828
9554
6830
9552
6832
9550
6834
6835
6836
6837
9545
6839
6840
6841
9541
6843
9539
6845
6846
6847
6848
9534
6850
6851
9531
6853
6854
6855
9527
6857
9525
6859
6860
6861
9521
6863
6864
6865
6866
6867
9515
6869
9513
6871
6872
6873
6874
6875
6876
6877
6878
6879
6880
6881
9501
6883
6884
6885
6886
6887
9495
9494
6890
9492
6892
6893
6894
6895
6896
6897
6898
6899
6900
9482
6902
6903
6904
6905
6906
9476
6908
6909
6910
6911
9471
9470
6914
6915
9467
6917
9465
6919
6920
9462
9461
6923
6924
6925
6926
6927
9455
6929
6930
9452
9451
9450
9449
6935
9447
6937
6938
9444
6940
6941
6942
6943
6944
9438
6946
6947
9435
6949
6950
9432
9431
6953
6954
6955
6956
9426
9425
9424
9423
6961
6962
6963
6964
9418
6966
6967
6968
9414
9413
6971
6972
9410
6974
9408
9407
6977
9405
6979
6980
9402
6982
9400
9399
9398
9397
6987
9395
6989
9393
6991
6992
6993
6994
6995
6996
6997
6998
9384
7000
9382
9381
9380
7004
7005
7006
7007
7008
7009
7010
7011
7012
9370
7014
7015
7016
7017
7018
7019
7020
7021
7022
9360
7024
7025
7026
9356
9355
7029
9353
9352
7032
7033
9349
7035
9347
7037
7038
7039
9343
7041
7042
7043
7044
9338
7046
7047
7048
7049
9333
7051
7052
7053
7054
9328
7056
7057
9325
9324
9323
7061
7062
7063
7064
7065
7066
7067
7068
9314
7070
9312
7072
7073
9309
9308
7076
7077
9305
9304
7080
7081
7082
7083
7084
7085
7086
7087
7088
7089
9293
7091
7092
7093
7094
7095
7096
7097
7098
7099
7100
7101
7102
7103
7104
9278
9277
7107
7108
9274
7110
7111
7112
9270
7114
7115
7116
9266
7118
7119
9263
9262
7122
7123
7124
9258
7126
9256
7128
9254
7130
7131
9251
9250
7134
7135
7136
9246
7138
9244
9243
9242
7142
7143
7144
7145
7146
7147
7148
7149
7150
7151
7152
9230
7154
7155
9227
7157
7158
9224
7160
9222
7162
7163
7164
7165
7166
7167
9215
7169
7170
7171
7172
9210
9209
9208
7176
7177
7178
7179
7180
7181
7182
7183
7184
7185
7186
9196
7188
7189
7190
9192
7192
7193
7194
7195
9187
7197
9185
7199
7200
7201
7202
7203
7204
7205
7206
9176
7208
7209
7210
7211
9171
7213
7214
9168
7216
7217
9165
7219
7220
7221
7222
7223
7224
7225
7226
7227
7228
7229
7230
7231
7232
7233
9149
7235
7236
9146
7238
7239
7240
9142
7242
7243
9139
9138
9137
9136
7248
7249
7250
7251
9131
7253
7254
7255
7256
9126
7258
7259
7260
7261
7262
7263
7264
7265
9117
9116
9115
7269
9113
7271
7272
9110
7274
7275
7276
7277
9105
7279
9103
7281
7282
9100
7284
7285
7286
7287
7288
7289
7290
7291
9091
9090
9089
9088
7296
9086
9085
7299
9083
7301
7302
9080
7304
7305
9077
7307
7308
9074
7310
9072
7312
7313
7314
7315
7316
7317
7318
9064
7320
7321
9061
7323
7324
7325
7326
7327
7328
7329
7330
9052
7332
9050
7334
9048
7336
7337
7338
7339
7340
7341
9041
7343
9039
9038
7346
7347
7348
9034
7350
7351
7352
7353
7354
7355
7356
9026
7358
7359
9023
9022
7362
7363
7364
7365
7366
7367
7368
9014
7370
9012
9011
7373
7374
7375
9007
7377
7378
9004
7380
7381
7382
7383
7384
8998
7386
7387
7388
7389
8993
7391
7392
7393
7394
8988
8987
7397
7398
7399
7400
7401
7402
7403
7404
7405
7406
8976
7408
8974
7410
7411
7412
7413
7414
7415
7416
8966
7418
8964
7420
8962
8961
7423
7424
8958
8957
8956
7428
7429
7430
7431
7432
7433
7434
7435
8947
8946
7438
7439
7440
7441
7442
8940
8939
7445
7446
7447
8935
7449
8933
7451
7452
7453
7454
7455
7456
7457
7458
8924
7460
8922
7462
7463
8919
7465
8917
7467
8915
7469
7470
7471
7472
7473
7474
7475
7476
7477
7478
7479
7480
8902
8901
8900
8899
7485
7486
7487
7488
7489
8893
7491
7492
7493
7494
7495
7496
8886
7498
7499
8883
8882
8881
7503
7504
7505
7506
8876
7508
7509
7510
7511
8871
7513
8869
7515
8867
7517
7518
7519
7520
7521
7522
8860
7524
7525
8857
8856
7528
8854
7530
7531
7532
7533
7534
7535
7536
7537
7538
7539
7540
8842
7542
7543
8839
7545
7546
7547
8835
7549
7550
8832
8831
8830
7554
8828
7556
8826
8825
7559
8823
8822
7562
7563
7564
7565
8817
7567
7568
8814
7570
7571
7572
7573
7574
7575
8807
7577
7578
8804
8803
7581
8801
7583
7584
7585
7586
8796
7588
7589
8793
7591
8791
7593
8789
8788
8787
7597
8785
7599
7600
7601
7602
7603
7604
7605
7606
8776
7608
8774
7610
8772
8771
7613
7614
7615
8767
7617
7618
7619
8763
7621
7622
7623
7624
7625
7626
7627
7628
7629
7630
8752
8751
7633
7634
7635
7636
7637
7638
8744
7640
7641
7642
7643
7644
7645
8737
7647
8735
7649
7650
7651
7652
7653
7654
8728
7656
8726
7658
7659
7660
7661
8721
7663
8719
7665
7666
7667
8715
7669
7670
7671
7672
8710
7674
8708
7676
7677
8705
7679
7680
8702
8701
8700
7684
7685
7686
7687
7688
8694
7690
7691
7692
8690
7694
8688
7696
7697
7698
7699
7700
8682
7702
8680
8679
7705
7706
8676
8675
8674
7710
8672
7712
7713
7714
7715
7716
7717
8665
8664
8663
7721
7722
7723
7724
7725
7726
7727
7728
7729
7730
7731
8651
7733
8649
7735
7736
7737
7738
7739
8643
8642
7742
7743
7744
7745
7746
7747
7748
8634
7750
7751
7752
7753
7754
8628
7756
7757
7758
7759
7760
7761
7762
7763
7764
8618
7766
8616
7768
7769
7770
7771
7772
7773
8609
7775
7776
7777
7778
8604
7780
7781
7782
8600
7784
7785
7786
8596
7788
7789
7790
7791
7792
7793
7794
7795
7796
7797
7798
7799
7800
8582
7802
7803
8579
8578
7806
8576
7808
7809
7810
7811
8571
7813
7814
8568
7816
7817
7818
8564
7820
7821
7822
7823
7824
7825
7826
7827
7828
7829
7830
7831
7832
7833
7834
7835
7836
7837
7838
8544
7840
7841
7842
8540
8539
8538
8537
7847
7848
8534
7850
7851
8531
7853
7854
7855
8527
7857
7858
7859
7860
7861
7862
7863
7864
7865
8517
7867
7868
7869
7870
7871
7872
7873
7874
7875
7876
7877
8505
7879
8503
7881
7882
8500
7884
7885
7886
7887
7888
8494
7890
8492
8491
7893
7894
8488
7896
7897
8485
7899
8483
8482
8481
7903
7904
8478
7906
7907
7908
8474
8473
7911
7912
7913
7914
7915
7916
8466
7918
7919
7920
8462
7922
8460
7924
7925
7926
7927
7928
7929
7930
8452
7932
7933
7934
7935
7936
8446
7938
7939
8443
8442
7942
7943
7944
7945
7946
7947
7948
7949
7950
7951
8431
8430
7954
8428
7956
8426
7958
8424
8423
7961
7962
8420
7964
7965
7966
8416
7968
7969
7970
8412
7972
7973
8409
8408
7976
8406
7978
7979
7980
7981
7982
7983
7984
7985
8397
7987
7988
7989
8393
7991
7992
7993
7994
7995
7996
7997
8385
7999
8000
8001
8381
8003
8004
8005
8006
8376
8375
8009
8010
8011
8012
8013
8014
8368
8016
8017
8018
8364
8363
8021
8022
8023
8359
8025
8357
8356
8028
8029
8030
8031
8032
8033
8349
8035
8347
8037
8038
8344
8343
8041
8042
8340
8044
8045
8046
8047
8048
8049
8050
8332
8331
8053
8054
8055
8056
8057
8058
8059
8060
8061
8321
8063
8319
8318
8066
8316
8068
8069
8070
8312
8072
8310
8074
8075
8307
8077
8305
8304
8080
8081
8082
8083
8084
8298
8086
8296
8088
8089
8090
8091
8092
8290
8094
8095
8096
8097
8098
8099
8100
8282
8102
8103
8104
8105
8106
8107
8108
8109
8273
8272
8271
8113
8114
8115
8267
8117
8118
8119
8120
8262
8122
8123
8124
8258
8257
8256
8128
8129
8253
8252
8132
8250
8134
8135
8247
8137
8138
8244
8140
8141
8142
8143
8239
8145
8237
8147
8235
8149
8150
8151
8231
8153
8154
8155
8156
8226
8158
8224
8160
8161
8162
8163
8164
8218
8217
8167
8168
8169
8170
8171
8172
8173
8174
8175
8176
8177
8178
8204
8203
8181
8182
8183
8184
8198
8186
8187
8188
8194
8190
8191
8192
8193
8189
8195
8196
8197
8185
8199
8200
8182
8181
8203
8204
8205
8177
8176
8208
8209
8210
8172
8212
8213
8169
8168
8216
8217
8218
8219
8220
8162
8161
8223
8159
8225
8226
8227
8155
8154
8230
8231
8151
8233
8149
8235
8236
8237
8238
8239
8240
8241
8242
8243
8244
8245
8246
8136
8248
8249
8250
8251
8131
8253
8129
8255
8256
8257
8258
8259
8260
8122
8121
8263
8264
8118
8117
8267
8268
8269
8270
8271
8272
8110
8274
8275
8276
8277
8278
8279
8280
8281
8282
8283
8099
8285
8286
8287
8288
8289
8290
8291
8292
8293
8294
8295
8296
8297
8298
8299
8083
8082
8302
8303
8304
8305
8306
8076
8308
8309
8310
8311
8312
8313
8069
8068
8316
8317
8065
8064
8063
8321
8322
8060
8324
8325
8326
8327
8328
8329
8330
8331
8332
8333
8334
8048
8336
8046
8338
8339
8340
8341
8041
8343
8039
8345
8346
8036
8035
8349
8350
8032
8352
8353
8354
8355
8356
8357
8358
8359
8023
8361
8021
8363
8364
8365
8366
8367
8368
8369
8370
8012
8011
8010
8374
8375
8376
8377
8378
8379
8380
8002
8382
8383
7999
8385
8386
8387
7995
8389
8390
7992
8392
8393
8394
7988
8396
7986
7985
8399
7983
7982
8402
8403
8404
8405
8406
8407
8408
8409
8410
8411
8412
8413
7969
8415
8416
7966
7965
8419
8420
8421
8422
7960
7959
8425
7957
8427
8428
7954
8430
8431
8432
7950
8434
8435
8436
8437
8438
7944
7943
8441
7941
8443
7939
8445
8446
8447
8448
8449
8450
7932
8452
7930
8454
8455
8456
8457
8458
8459
8460
8461
8462
8463
7919
8465
8466
8467
8468
8469
8470
8471
7911
8473
8474
8475
8476
7906
7905
8479
8480
8481
8482
8483
7899
8485
8486
8487
8488
8489
8490
7892
8492
8493
8494
8495
8496
8497
8498
8499
8500
8501
8502
8503
8504
8505
8506
7876
8508
8509
7873
8511
8512
8513
8514
8515
7867
8517
8518
8519
8520
8521
8522
8523
7859
8525
8526
8527
7855
8529
8530
8531
7851
8533
7849
8535
7847
8537
7845
8539
8540
8541
8542
8543
8544
8545
8546
8547
8548
8549
8550
7832
8552
8553
8554
8555
7827
8557
7825
8559
7823
8561
8562
8563
7819
8565
7817
8567
8568
7814
8570
8571
8572
7810
8574
8575
8576
8577
8578
8579
8580
7802
8582
7800
8584
8585
8586
8587
7795
8589
8590
7792
7791
7790
8594
8595
8596
8597
8598
8599
8600
8601
8602
8603
8604
8605
7777
8607
8608
8609
7773
7772
8612
7770
7769
7768
8616
8617
8618
7764
7763
7762
7761
8623
8624
8625
8626
8627
8628
8629
8630
7752
8632
7750
8634
8635
8636
8637
8638
8639
8640
7742
7741
8643
7739
8645
8646
8647
8648
7734
8650
8651
8652
8653
8654
8655
7727
8657
8658
8659
8660
7722
8662
8663
8664
8665
7717
7716
8668
7714
8670
8671
8672
8673
8674
8675
8676
8677
8678
8679
8680
8681
8682
7700
8684
8685
8686
8687
8688
8689
8690
8691
8692
8693
8694
8695
8696
8697
8698
7684
7683
8701
8702
8703
8704
7678
8706
8707
8708
7674
8710
8711
8712
8713
7669
8715
8716
8717
8718
8719
7663
8721
8722
8723
7659
7658
7657
8727
7655
8729
7653
7652
7651
7650
7649
7648
7647
7646
7645
7644
8740
8741
8742
7640
8744
7638
7637
8747
8748
7634
8750
8751
8752
8753
8754
8755
8756
8757
7625
8759
8760
7622
7621
7620
8764
8765
8766
8767
7615
8769
8770
8771
8772
8773
8774
8775
7607
8777
8778
8779
8780
8781
7601
8783
8784
7598
8786
8787
8788
8789
8790
8791
8792
8793
8794
8795
7587
7586
8798
8799
8800
8801
8802
7580
7579
8805
7577
7576
8808
7574
8810
8811
8812
8813
8814
8815
8816
7566
7565
7564
7563
7562
8822
8823
8824
8825
8826
7556
7555
7554
8830
7552
8832
8833
8834
7548
8836
7546
8838
8839
8840
8841
8842
8843
8844
7538
8846
8847
8848
7534
8850
7532
8852
8853
8854
7528
8856
8857
8858
7524
7523
8861
7521
8863
7519
8865
8866
8867
8868
8869
7513
7512
8872
7510
8874
8875
8876
8877
8878
8879
8880
7502
8882
8883
7499
8885
7497
8887
8888
8889
7493
7492
7491
8893
8894
8895
8896
8897
8898
8899
8900
8901
8902
8903
7479
8905
8906
8907
8908
8909
8910
8911
8912
8913
7469
8915
8916
8917
8918
8919
8920
7462
8922
8923
8924
8925
8926
8927
8928
8929
8930
8931
7451
8933
8934
8935
8936
8937
8938
8939
8940
8941
8942
8943
8944
8945
7437
8947
7435
8949
7433
8951
8952
7430
8954
7428
7427
8957
7425
8959
7423
8961
7421
7420
8964
8965
8966
7416
8968
7414
8970
7412
7411
8973
8974
8975
8976
8977
8978
8979
7403
7402
7401
8983
8984
8985
8986
7396
8988
8989
8990
8991
8992
7390
7389
8995
8996
8997
7385
7384
9000
9001
9002
9003
7379
9005
9006
9007
9008
7374
9010
9011
9012
7370
9014
7368
7367
9017
9018
9019
9020
7362
9022
9023
9024
9025
7357
7356
9028
7354
7353
9031
9032
7350
7349
7348
9036
9037
9038
7344
7343
7342
9042
9043
9044
9045
9046
9047
9048
9049
7333
7332
9052
7330
9054
9055
7327
9057
9058
7324
7323
9061
7321
7320
7319
9065
9066
9067
7315
9069
9070
9071
9072
9073
7309
9075
7307
7306
9078
9079
9080
7302
9082
9083
7299
9085
9086
9087
7295
9089
9090
7292
9092
9093
9094
9095
9096
9097
9098
9099
7283
7282
9102
9103
9104
9105
9106
9107
9108
7274
9110
9111
9112
9113
9114
9115
9116
7266
9118
7264
9120
7262
9122
9123
7259
9125
7257
9127
9128
9129
9130
9131
9132
7250
7249
9135
9136
9137
9138
9139
9140
7242
9142
9143
9144
9145
9146
9147
7235
9149
7233
9151
7231
9153
9154
9155
7227
7226
7225
9159
9160
7222
9162
9163
9164
9165
9166
9167
9168
9169
9170
7212
9172
9173
7209
9175
7207
9177
9178
9179
9180
9181
9182
9183
9184
9185
7197
9187
9188
9189
9190
9191
7191
9193
9194
7188
9196
7186
9198
9199
9200
7182
9202
9203
7179
7178
9206
9207
7175
9209
9210
9211
7171
9213
9214
9215
7167
9217
9218
9219
9220
9221
7161
9223
9224
9225
9226
7156
9228
9229
9230
9231
9232
9233
9234
9235
9236
9237
9238
7144
9240
7142
7141
9243
7139
7138
9246
7136
9248
9249
9250
9251
9252
7130
9254
7128
9256
9257
9258
9259
9260
9261
7121
9263
7119
9265
9266
7116
9268
9269
9270
7112
7111
9273
9274
9275
9276
7106
9278
9279
9280
7102
9282
7100
7099
9285
9286
9287
9288
9289
9290
9291
9292
9293
9294
7088
9296
9297
9298
9299
9300
9301
7081
9303
7079
9305
9306
7076
9308
9309
9310
9311
9312
9313
9314
9315
9316
7066
9318
9319
9320
7062
7061
9323
9324
9325
9326
7056
9328
9329
9330
7052
9332
7050
9334
9335
9336
9337
9338
7044
9340
9341
9342
7040
9344
9345
9346
9347
7035
9349
9350
9351
9352
7030
7029
9355
9356
9357
9358
9359
9360
9361
7021
9363
9364
7018
9366
7016
9368
9369
9370
9371
9372
9373
7009
7008
9376
7006
7005
9379
9380
7002
7001
9383
9384
9385
9386
9387
9388
9389
9390
6992
6991
9393
9394
9395
9396
6986
9398
9399
6983
9401
9402
9403
9404
9405
9406
9407
6975
9409
9410
9411
9412
9413
9414
6968
9416
9417
9418
6964
9420
9421
9422
9423
6959
9425
6957
9427
9428
9429
9430
9431
9432
9433
9434
9435
6947
6946
6945
9439
6943
9441
9442
6940
9444
9445
6937
6936
9448
6934
9450
9451
6931
6930
9454
9455
6927
9457
9458
9459
6923
9461
9462
9463
9464
9465
9466
9467
9468
9469
9470
9471
9472
9473
9474
9475
9476
9477
9478
6904
9480
9481
9482
9483
9484
9485
6897
9487
9488
9489
9490
9491
9492
6890
9494
9495
6887
9497
9498
9499
9500
6882
9502
9503
9504
9505
9506
9507
9508
9509
9510
6872
9512
9513
6869
9515
9516
9517
9518
6864
6863
9521
9522
9523
6859
9525
6857
6856
9528
9529
9530
9531
9532
9533
9534
9535
9536
6846
9538
9539
9540
9541
9542
9543
9544
9545
6837
6836
9548
9549
6833
9551
9552
9553
9554
9555
9556
9557
9558
9559
6823
6822
9562
9563
9564
9565
9566
9567
6815
6814
9570
6812
9572
9573
9574
9575
6807
9577
6805
9579
9580
6802
9582
9583
9584
9585
9586
9587
9588
6794
6793
9591
6791
9593
9594
9595
9596
6786
9598
9599
9600
6782
9602
9603
9604
6778
9606
6776
9608
9609
9610
9611
9612
6770
9614
9615
9616
9617
9618
6764
9620
9621
9622
6760
9624
6758
9626
9627
9628
9629
9630
6752
9632
6750
9634
9635
9636
9637
9638
9639
9640
9641
9642
9643
6739
9645
9646
9647
9648
9649
9650
6732
9652
9653
6729
9655
9656
9657
6725
9659
9660
9661
6721
9663
9664
6718
9666
6716
9668
9669
9670
9671
9672
9673
9674
9675
9676
6706
9678
6704
9680
9681
9682
9683
9684
9685
9686
9687
9688
6694
9690
9691
9692
9693
9694
6688
9696
6686
9698
9699
9700
9701
9702
9703
9704
9705
9706
9707
6675
9709
6673
6672
9712
6670
9714
9715
6667
9717
9718
6664
6663
6662
9722
9723
9724
9725
6657
9727
9728
9729
9730
9731
9732
6650
9734
9735
9736
9737
9738
9739
6643
6642
9742
6640
9744
9745
9746
9747
9748
6634
9750
6632
9752
6630
9754
9755
9756
6626
9758
9759
9760
9761
9762
9763
9764
9765
9766
9767
9768
9769
9770
9771
6611
9773
9774
9775
6607
9777
9778
9779
9780
9781
9782
9783
9784
9785
9786
9787
9788
9789
9790
9791
9792
6590
9794
6588
6587
9797
9798
9799
6583
9801
6581
9803
9804
9805
9806
9807
6575
9809
9810
9811
9812
6570
9814
9815
6567
6566
6565
9819
6563
9821
6561
9823
9824
9825
9826
9827
6555
9829
6553
9831
9832
9833
6549
6548
9836
6546
9838
6544
9840
9841
9842
9843
9844
9845
9846
9847
9848
9849
9850
9851
6531
9853
6529
9855
9856
6526
9858
9859
6523
9861
9862
9863
9864
9865
9866
9867
9868
9869
9870
9871
9872
9873
6509
9875
9876
9877
6505
9879
9880
9881
9882
9883
6499
9885
9886
9887
6495
6494
6493
6492
9892
9893
9894
6488
6487
6486
9898
9899
9900
6482
9902
9903
9904
9905
6477
9907
6475
9909
9910
6472
6471
9913
9914
9915
9916
9917
9918
9919
6463
9921
9922
9923
6459
6458
9926
9927
9928
6454
6453
9931
6451
9933
6449
9935
9936
9937
6445
9939
9940
9941
9942
9943
6439
9945
9946
9947
9948
9949
9950
6432
6431
9953
9954
9955
6427
6426
6425
6424
6423
6422
9962
9963
9964
9965
9966
9967
9968
9969
9970
9971
9972
9973
6409
9975
9976
9977
9978
6404
9980
9981
9982
9983
9984
9985
9986
9987
9988
9989
6393
6392
9992
9993
9994
9995
6387
9997
9998
6384
10000
10001
10002
6380
10004
10005
10006
10007
6375
10009
10010
6372
10012
10013
10014
10015
10016
6366
6365
10019
6363
10021
6361
10023
10024
10025
6357
10027
10028
10029
10030
10031
10032
10033
10034
10035
10036
10037
10038
10039
10040
10041
6341
6340
10044
10045
10046
6336
10048
10049
10050
10051
10052
10053
10054
10055
10056
10057
10058
10059
10060
6322
10062
6320
10064
6318
10066
6316
6315
6314
6313
10071
10072
10073
10074
6308
10076
10077
10078
10079
10080
10081
6301
10083
10084
10085
10086
6296
10088
10089
10090
6292
10092
6290
6289
10095
10096
10097
6285
10099
6283
10101
10102
6280
6279
6278
10106
10107
10108
6274
10110
6272
6271
10113
10114
10115
10116
10117
10118
10119
6263
10121
10122
10123
10124
10125
10126
6256
6255
6254
10130
10131
10132
6250
10134
10135
10136
10137
10138
10139
10140
10141
10142
10143
10144
10145
10146
10147
6235
10149
10150
10151
10152
10153
6229
10155
10156
6226
10158
10159
10160
6222
6221
6220
10164
10165
10166
10167
10168
10169
6213
6212
10172
6210
10174
10175
10176
10177
6205
10179
6203
10181
10182
6200
10184
10185
10186
6196
10188
10189
10190
6192
6191
6190
6189
10195
10196
10197
6185
10199
10200
6182
10202
10203
6179
10205
6177
10207
6175
10209
10210
10211
10212
10213
6169
10215
6167
10217
10218
10219
6163
10221
6161
6160
10224
10225
6157
10227
10228
10229
6153
10231
6151
10233
10234
10235
10236
10237
10238
6144
10240
10241
10242
6140
6139
10245
10246
10247
6135
10249
10250
10251
10252
10253
10254
10255
6127
10257
10258
6124
6123
6122
6121
6120
6119
10265
10266
10267
10268
10269
6113
6112
10272
10273
10274
6108
10276
10277
10278
10279
6103
6102
6101
10283
10284
10285
10286
6096
10288
10289
10290
10291
6091
10293
10294
6088
10296
10297
6085
10299
10300
10301
10302
10303
6079
10305
10306
10307
10308
10309
10310
6072
10312
10313
10314
6068
10316
10317
10318
6064
10320
10321
10322
10323
10324
10325
6057
6056
10328
10329
10330
10331
6051
10333
10334
10335
10336
6046
10338
10339
6043
10341
10342
10343
10344
10345
10346
10347
6035
10349
6033
10351
6031
10353
10354
10355
6027
10357
10358
10359
10360
10361
6021
10363
10364
6018
10366
10367
10368
10369
6013
10371
10372
6010
10374
6008
10376
10377
6005
10379
10380
10381
10382
6000
10384
10385
5997
10387
10388
5994
10390
10391
10392
5990
10394
10395
10396
10397
10398
10399
10400
10401
10402
5980
10404
10405
10406
10407
5975
10409
5973
10411
5971
10413
5969
5968
5967
10417
10418
10419
5963
5962
10422
10423
10424
5958
5957
10427
10428
10429
5953
5952
10432
5950
5949
5948
5947
5946
10438
10439
5943
10441
10442
10443
5939
5938
10446
10447
10448
10449
10450
5932
10452
5930
10454
5928
5927
10457
10458
10459
5923
10461
10462
5920
10464
5918
5917
10467
10468
5914
5913
10471
10472
10473
5909
10475
10476
5906
5905
10479
10480
5902
5901
10483
10484
10485
10486
5896
10488
10489
10490
5892
10492
10493
10494
5888
10496
5886
10498
10499
5883
10501
5881
10503
10504
10505
5877
10507
10508
10509
10510
10511
10512
10513
10514
10515
10516
10517
10518
5864
5863
10521
5861
5860
10524
10525
10526
10527
10528
10529
10530
10531
10532
10533
5849
10535
10536
5846
5845
10539
10540
10541
5841
10543
10544
10545
10546
10547
5835
5834
10550
10551
10552
10553
10554
10555
10556
10557
10558
10559
10560
10561
5821
10563
10564
10565
10566
10567
10568
5814
10570
10571
5811
5810
10574
10575
10576
10577
10578
5804
5803
10581
10582
10583
10584
10585
10586
10587
5795
5794
10590
10591
10592
10593
10594
10595
10596
10597
10598
10599
10600
5782
10602
10603
10604
10605
10606
10607
10608
10609
10610
10611
5771
10613
10614
10615
5767
5766
10618
10619
10620
10621
10622
10623
10624
10625
10626
10627
10628
10629
10630
10631
10632
10633
5749
5748
10636
10637
10638
10639
10640
10641
10642
10643
5739
5738
10646
10647
10648
5734
5733
10651
10652
10653
10654
10655
10656
5726
10658
5724
5723
5722
10662
10663
10664
10665
10666
10667
10668
10669
5713
5712
10672
10673
5709
10675
5707
10677
10678
10679
10680
10681
10682
10683
10684
5698
10686
10687
5695
10689
10690
5692
5691
10693
10694
5688
10696
10697
10698
5684
5683
10701
5681
5680
10704
10705
5677
10707
10708
10709
5673
10711
10712
10713
10714
10715
5667
5666
10718
10719
10720
5662
5661
10723
10724
5658
10726
5656
10728
10729
10730
10731
10732
10733
10734
10735
10736
5646
10738
10739
10740
10741
5641
10743
10744
10745
10746
10747
5635
5634
10750
10751
10752
10753
5629
10755
10756
5626
10758
10759
10760
10761
10762
10763
10764
10765
5617
10767
5615
10769
10770
5612
5611
5610
10774
10775
5607
10777
10778
10779
10780
10781
5601
10783
10784
10785
10786
10787
10788
10789
5593
5592
10792
10793
5589
10795
5587
10797
10798
10799
10800
10801
5581
10803
10804
5578
10806
5576
5575
10809
10810
10811
10812
10813
10814
5568
5567
10817
10818
5564
10820
5562
10822
10823
5559
10825
10826
5556
10828
10829
5553
5552
10832
10833
5549
5548
10836
10837
10838
10839
10840
10841
10842
10843
5539
10845
5537
10847
5535
10849
10850
5532
5531
10853
10854
10855
5527
10857
10858
5524
10860
5522
10862
5520
5519
10865
10866
10867
10868
10869
5513
10871
10872
5510
10874
5508
10876
5506
10878
10879
10880
10881
10882
10883
10884
10885
10886
10887
5495
10889
10890
10891
5491
5490
10894
10895
5487
10897
10898
10899
10900
10901
10902
10903
5479
10905
10906
5476
10908
10909
5473
10911
10912
5470
10914
5468
10916
10917
10918
10919
10920
10921
10922
10923
10924
10925
5457
10927
10928
5454
10930
10931
10932
5450
10934
10935
5447
10937
10938
5444
10940
10941
10942
5440
10944
10945
5437
10947
10948
10949
10950
5432
5431
10953
10954
10955
5427
10957
10958
10959
10960
10961
10962
10963
10964
10965
5417
5416
10968
10969
5413
10971
10972
10973
10974
5408
10976
5406
5405
5404
10980
10981
5401
10983
10984
10985
5397
5396
10988
10989
10990
5392
10992
10993
10994
10995
5387
10997
10998
5384
11000
5382
11002
11003
11004
11005
11006
11007
11008
11009
11010
5372
11012
5370
11014
5368
11016
11017
11018
11019
11020
11021
11022
11023
11024
11025
11026
11027
5355
11029
11030
11031
11032
11033
11034
5348
11036
11037
11038
11039
11040
5342
11042
5340
11044
11045
11046
11047
11048
11049
11050
11051
5331
5330
11054
11055
11056
11057
5325
11059
5323
11061
11062
11063
11064
5318
11066
11067
11068
11069
11070
11071
5311
11073
11074
11075
11076
5306
11078
11079
11080
11081
11082
5300
11084
11085
11086
11087
5295
11089
11090
11091
5291
11093
5289
11095
11096
11097
5285
5284
5283
11101
5281
11103
11104
5278
5277
11107
5275
11109
11110
11111
11112
5270
11114
11115
11116
5266
11118
11119
11120
5262
5261
5260
5259
11125
11126
11127
5255
5254
5253
11131
11132
11133
11134
11135
11136
11137
11138
11139
11140
5242
11142
11143
5239
11145
11146
5236
5235
5234
11150
5232
11152
11153
11154
11155
5227
5226
11158
11159
11160
11161
11162
11163
11164
11165
11166
11167
11168
5214
11170
11171
11172
11173
11174
11175
11176
11177
5205
11179
11180
11181
11182
11183
11184
11185
5197
5196
5195
11189
11190
11191
11192
5190
11194
11195
5187
11197
11198
5184
11200
11201
11202
5180
11204
11205
5177
5176
11208
5174
11210
5172
11212
11213
5169
5168
5167
11217
11218
11219
11220
11221
11222
5160
11224
11225
5157
5156
11228
5154
11230
11231
5151
11233
11234
11235
5147
11237
11238
11239
5143
11241
5141
11243
11244
11245
11246
11247
11248
5134
11250
11251
11252
11253
11254
11255
11256
11257
5125
5124
11260
11261
11262
11263
5119
11265
11266
11267
11268
11269
5113
11271
11272
11273
11274
5108
11276
5106
5105
5104
11280
11281
11282
11283
5099
11285
11286
11287
5095
11289
5093
11291
5091
5090
11294
5088
11296
11297
11298
5084
11300
11301
5081
11303
11304
5078
11306
11307
11308
11309
11310
11311
11312
11313
11314
5068
11316
11317
11318
5064
11320
11321
11322
11323
11324
5058
11326
11327
11328
11329
11330
11331
11332
11333
11334
11335
11336
11337
11338
11339
11340
5042
11342
11343
11344
11345
11346
11347
11348
5034
11350
11351
5031
11353
5029
11355
11356
11357
11358
11359
11360
11361
5021
5020
5019
11365
11366
11367
11368
11369
11370
5012
11372
11373
11374
11375
11376
5006
11378
11379
11380
11381
5001
11383
11384
11385
11386
11387
11388
11389
11390
11391
11392
11393
4989
11395
11396
4986
11398
11399
11400
4982
11402
11403
4979
4978
11406
11407
4975
4974
11410
11411
4971
11413
11414
4968
4967
11417
11418
11419
11420
11421
4961
11423
11424
11425
11426
11427
4955
11429
4953
11431
4951
4950
11434
11435
11436
11437
11438
4944
11440
11441
11442
11443
11444
11445
4937
11447
11448
4934
11450
11451
4931
11453
11454
11455
4927
11457
11458
11459
11460
11461
4921
11463
11464
11465
11466
11467
11468
11469
11470
11471
11472
11473
11474
11475
4907
4906
11478
11479
11480
11481
4901
11483
11484
11485
11486
11487
11488
4894
11490
11491
4891
4890
11494
11495
11496
4886
11498
11499
11500
4882
11502
11503
4879
11505
11506
11507
11508
4874
11510
4872
11512
11513
4869
11515
11516
11517
4865
11519
11520
11521
11522
11523
11524
4858
4857
11527
11528
11529
11530
11531
4851
11533
4849
4848
11536
4846
11538
4844
11540
11541
11542
4840
4839
11545
11546
11547
4835
11549
11550
11551
11552
4830
11554
11555
11556
11557
11558
4824
11560
11561
11562
11563
11564
11565
4817
11567
4815
11569
4813
4812
4811
11573
11574
4808
11576
4806
11578
11579
11580
11581
11582
11583
11584
11585
11586
4796
4795
11589
11590
11591
11592
4790
4789
11595
11596
11597
11598
11599
11600
11601
4781
11603
11604
4778
11606
11607
11608
11609
4773
11611
11612
11613
11614
11615
11616
11617
11618
11619
11620
11621
11622
4760
11624
11625
4757
4756
4755
11629
4753
11631
11632
11633
4749
11635
4747
11637
4745
4744
11640
11641
11642
11643
11644
11645
4737
11647
11648
11649
11650
11651
4731
11653
11654
4728
11656
11657
4725
11659
11660
11661
11662
11663
11664
11665
4717
4716
11668
11669
11670
11671
11672
11673
4709
11675
11676
4706
11678
11679
11680
11681
11682
11683
4699
4698
4697
11687
11688
11689
11690
4692
11692
11693
11694
11695
11696
4686
11698
11699
11700
11701
11702
11703
11704
4678
11706
4676
11708
11709
11710
11711
11712
11713
4669
11715
11716
4666
4665
11719
4663
11721
11722
11723
11724
11725
4657
11727
11728
11729
11730
11731
4651
11733
11734
11735
11736
11737
11738
11739
4643
11741
11742
11743
11744
4638
11746
11747
11748
11749
11750
4632
11752
11753
11754
4628
11756
11757
11758
11759
11760
4622
11762
4620
4619
11765
4617
4616
4615
4614
11770
11771
11772
4610
11774
11775
11776
4606
11778
11779
11780
11781
4601
11783
11784
11785
4597
11787
11788
4594
11790
11791
11792
11793
11794
11795
4587
4586
11798
11799
11800
11801
11802
11803
11804
4578
4577
11807
4575
11809
11810
11811
4571
11813
4569
11815
11816
11817
4565
11819
11820
11821
11822
11823
11824
11825
11826
11827
4555
11829
11830
11831
11832
4550
4549
11835
4547
11837
11838
11839
11840
11841
4541
11843
11844
11845
4537
11847
4535
11849
4533
4532
11852
4530
11854
4528
4527
4526
4525
11859
4523
4522
11862
11863
4519
4518
11866
11867
11868
4514
11870
4512
11872
4510
11874
4508
11876
11877
11878
11879
4503
11881
11882
4500
11884
4498
4497
11887
11888
4494
11890
11891
11892
11893
11894
11895
11896
11897
4485
4484
11900
11901
11902
11903
11904
11905
11906
4476
11908
11909
4473
11911
11912
4470
4469
11915
11916
11917
4465
11919
11920
11921
11922
4460
11924
11925
4457
4456
11928
11929
11930
4452
11932
4450
4449
4448
11936
11937
11938
11939
4443
11941
11942
11943
11944
11945
11946
11947
11948
11949
11950
11951
11952
11953
11954
11955
4427
11957
11958
11959
4423
4422
11962
11963
11964
11965
11966
11967
4415
11969
4413
11971
11972
11973
4409
4408
4407
4406
11978
11979
11980
11981
11982
11983
4399
11985
11986
11987
11988
4394
11990
11991
4391
11993
11994
11995
4387
4386
11998
11999
12000
12001
4381
12003
4379
12005
12006
12007
4375
4374
12010
4372
12012
12013
12014
12015
12016
12017
12018
12019
12020
12021
12022
12023
12024
12025
4357
12027
12028
12029
12030
12031
12032
12033
12034
12035
12036
12037
12038
12039
12040
12041
4341
12043
12044
12045
12046
12047
4335
12049
12050
12051
12052
12053
12054
12055
12056
12057
12058
4324
12060
12061
12062
12063
12064
12065
12066
12067
12068
12069
4313
4312
12072
12073
12074
12075
4307
4306
12078
4304
12080
12081
4301
12083
4299
12085
12086
12087
12088
12089
4293
12091
12092
12093
12094
4288
12096
12097
12098
12099
12100
12101
12102
12103
4279
4278
12106
12107
12108
4274
12110
12111
12112
12113
12114
4268
12116
4266
4265
4264
4263
12121
12122
12123
12124
12125
12126
12127
4255
12129
12130
12131
12132
12133
12134
4248
12136
4246
12138
12139
12140
4242
12142
12143
12144
12145
4237
12147
4235
12149
4233
12151
12152
12153
12154
4228
12156
4226
4225
12159
12160
12161
12162
12163
12164
12165
4217
12167
12168
12169
12170
12171
12172
12173
4209
12175
12176
4206
12178
12179
12180
12181
12182
12183
12184
12185
12186
12187
4195
12189
12190
12191
12192
12193
12194
12195
12196
12197
12198
4184
12200
4182
12202
12203
12204
12205
12206
4176
12208
4174
12210
4172
12212
12213
4169
12215
12216
4166
12218
4164
12220
12221
12222
12223
12224
12225
12226
12227
4155
4154
12230
4152
4151
4150
12234
12235
4147
12237
12238
12239
12240
12241
12242
4140
4139
12245
12246
12247
12248
4134
12250
12251
12252
12253
12254
12255
4127
12257
12258
12259
12260
12261
12262
12263
12264
12265
12266
12267
4115
12269
12270
12271
12272
12273
12274
4108
12276
4106
12278
12279
12280
4102
12282
12283
12284
12285
12286
12287
12288
12289
12290
12291
12292
4090
12294
12295
4087
12297
4085
12299
4083
12301
12302
12303
12304
4078
12306
4076
12308
12309
4073
12311
12312
12313
4069
12315
12316
12317
12318
12319
12320
12321
12322
12323
12324
12325
12326
12327
4055
4054
12330
12331
12332
12333
12334
12335
12336
4046
12338
4044
12340
12341
12342
12343
12344
12345
12346
12347
12348
12349
12350
4032
12352
4030
12354
12355
4027
4026
12358
4024
12360
12361
12362
12363
4019
12365
12366
12367
4015
4014
12370
12371
12372
12373
4009
4008
4007
4006
12378
4004
12380
12381
4001
12383
3999
12385
12386
12387
12388
12389
12390
12391
3991
12393
3989
3988
3987
3986
12398
12399
12400
12401
12402
12403
12404
12405
12406
12407
3975
12409
12410
12411
3971
3970
3969
12415
3967
3966
12418
3964
12420
12421
12422
3960
12424
3958
12426
12427
12428
3954
12430
3952
3951
3950
3949
12435
12436
12437
3945
12439
12440
12441
12442
3940
12444
3938
3937
12447
12448
12449
12450
3932
3931
3930
12454
3928
12456
12457
12458
12459
12460
12461
3921
12463
12464
12465
3917
12467
12468
12469
12470
12471
12472
12473
12474
12475
12476
3906
12478
12479
12480
3902
12482
12483
12484
12485
3897
12487
12488
12489
3893
12491
12492
12493
12494
12495
12496
3886
12498
12499
12500
12501
3881
12503
3879
12505
12506
3876
3875
12509
12510
12511
3871
12513
12514
12515
12516
12517
3865
12519
12520
3862
12522
12523
12524
12525
12526
12527
3855
3854
12530
3852
12532
12533
12534
12535
12536
12537
12538
12539
12540
12541
12542
3840
12544
12545
12546
12547
12548
12549
3833
12551
3831
12553
12554
12555
12556
12557
3825
12559
12560
12561
12562
3820
3819
3818
3817
12567
12568
12569
12570
12571
12572
12573
3809
12575
12576
12577
12578
12579
3803
12581
12582
12583
12584
12585
12586
3796
3795
12589
12590
12591
12592
12593
3789
12595
12596
12597
12598
3784
12600
12601
12602
12603
12604
12605
12606
12607
3775
12609
12610
3772
12612
3770
12614
12615
12616
12617
3765
3764
12620
12621
3761
3760
12624
3758
3757
12627
3755
3754
3753
3752
12632
3750
12634
12635
12636
12637
12638
12639
3743
12641
12642
12643
3739
12645
12646
3736
12648
3734
12650
12651
12652
3730
12654
12655
12656
12657
12658
3724
12660
12661
3721
3720
12664
12665
3717
12667
12668
12669
12670
3712
12672
12673
3709
3708
12676
3706
3705
3704
3703
3702
12682
12683
3699
12685
3697
12687
12688
12689
12690
12691
3691
12693
12694
12695
12696
3686
12698
12699
12700
12701
3681
12703
12704
12705
12706
3676
12708
12709
12710
12711
3671
12713
3669
12715
12716
3666
12718
12719
12720
3662
12722
12723
12724
12725
12726
3656
12728
12729
12730
12731
12732
12733
12734
12735
12736
12737
12738
3644
12740
12741
3641
12743
3639
12745
12746
12747
3635
3634
12750
12751
12752
12753
3629
12755
12756
3626
3625
12759
12760
12761
12762
3620
3619
12765
12766
12767
12768
12769
12770
3612
3611
3610
12774
12775
3607
12777
12778
12779
12780
12781
12782
12783
12784
12785
12786
12787
12788
3594
12790
12791
12792
12793
12794
3588
12796
12797
12798
3584
12800
12801
12802
12803
12804
12805
12806
12807
12808
12809
12810
12811
12812
12813
12814
12815
12816
12817
12818
12819
3563
3562
3561
12823
3559
12825
12826
12827
3555
12829
12830
12831
12832
12833
3549
3548
12836
3546
3545
12839
12840
12841
12842
12843
12844
3538
3537
12847
3535
12849
12850
12851
3531
12853
12854
3528
12856
12857
3525
12859
12860
12861
3521
12863
3519
12865
12866
12867
3515
12869
12870
12871
12872
12873
3509
12875
12876
3506
12878
12879
12880
12881
3501
3500
12884
12885
12886
3496
3495
12889
12890
12891
12892
12893
12894
12895
12896
12897
12898
3484
12900
12901
3481
12903
3479
12905
12906
12907
3475
12909
12910
12911
12912
3470
12914
3468
3467
3466
12918
3464
12920
12921
12922
3460
12924
12925
12926
3456
12928
12929
12930
12931
12932
12933
12934
12935
12936
3446
12938
12939
3443
12941
12942
3440
12944
12945
12946
3436
12948
12949
12950
3432
12952
12953
3429
3428
12956
3426
3425
12959
12960
12961
12962
3420
12964
12965
3417
3416
12968
12969
12970
12971
12972
12973
12974
12975
12976
12977
12978
12979
3403
3402
12982
12983
12984
12985
12986
12987
12988
12989
12990
12991
12992
12993
3389
12995
3387
12997
12998
12999
13000
13001
13002
3380
3379
13005
3377
13007
13008
3374
13010
13011
3371
13013
13014
13015
3367
13017
13018
13019
3363
13021
13022
13023
13024
13025
13026
13027
13028
13029
3353
13031
3351
3350
3349
3348
13036
13037
13038
13039
13040
13041
13042
3340
3339
13045
13046
13047
13048
13049
3333
3332
13052
13053
13054
13055
13056
3326
13058
13059
3323
13061
3321
3320
13064
13065
13066
3316
3315
3314
13070
13071
13072
13073
13074
13075
13076
3306
3305
3304
3303
13081
13082
13083
3299
13085
13086
13087
13088
13089
3293
13091
13092
13093
13094
13095
13096
13097
13098
13099
13100
13101
13102
13103
13104
13105
3277
3276
13108
13109
13110
13111
13112
13113
13114
13115
3267
3266
3265
13119
13120
13121
13122
13123
13124
13125
13126
3256
13128
13129
13130
3252
13132
13133
13134
3248
13136
13137
3245
13139
3243
3242
3241
13143
13144
13145
13146
13147
13148
13149
13150
13151
13152
3230
3229
13155
13156
13157
13158
13159
13160
3222
13162
13163
3219
3218
13166
3216
3215
3214
3213
13171
13172
13173
13174
13175
13176
13177
3205
13179
13180
13181
13182
3200
13184
13185
13186
3196
13188
13189
13190
13191
13192
13193
3189
13195
13196
13197
13198
13199
13200
13201
13202
13203
13204
13205
13206
3176
13208
13209
3173
13211
13212
13213
3169
3168
3167
13217
13218
13219
3163
13221
13222
13223
3159
13225
13226
3156
13228
13229
3153
3152
13232
3150
13234
3148
13236
13237
13238
13239
3143
3142
13242
13243
13244
3138
13246
13247
13248
13249
13250
13251
13252
3130
3129
13255
3127
13257
3125
13259
3123
13261
13262
3120
13264
13265
13266
3116
13268
13269
13270
13271
13272
13273
13274
13275
3107
13277
13278
13279
13280
13281
13282
13283
13284
13285
3097
13287
13288
13289
13290
13291
13292
3090
13294
13295
13296
13297
13298
3084
13300
13301
13302
13303
3079
3078
13306
13307
13308
13309
3073
13311
13312
13313
13314
13315
13316
13317
13318
3064
13320
3062
3061
13323
13324
13325
13326
13327
13328
13329
13330
3052
13332
3050
3049
3048
13336
13337
13338
13339
13340
3042
13342
13343
13344
13345
3037
3036
13348
13349
13350
13351
13352
3030
13354
13355
13356
13357
13358
3024
13360
13361
13362
13363
13364
13365
3017
13367
13368
13369
3013
13371
3011
13373
13374
13375
3007
3006
13378
13379
13380
3002
3001
13383
13384
13385
13386
13387
2995
2994
2993
13391
2991
13393
13394
2988
2987
13397
13398
2984
13400
13401
13402
13403
13404
13405
13406
13407
13408
2974
13410
13411
13412
13413
13414
2968
13416
13417
13418
13419
13420
2962
2961
13423
13424
13425
2957
2956
13428
13429
13430
13431
13432
13433
13434
13435
2947
13437
13438
13439
13440
13441
2941
2940
2939
13445
13446
2936
2935
13449
13450
13451
13452
2930
13454
13455
13456
2926
13458
13459
13460
13461
13462
13463
13464
13465
2917
13467
13468
13469
13470
13471
13472
13473
13474
2908
2907
13477
2905
13479
13480
13481
2901
2900
13484
13485
13486
13487
13488
13489
13490
13491
2891
13493
2889
13495
13496
13497
13498
13499
13500
13501
13502
13503
13504
2878
13506
2876
13508
13509
13510
13511
13512
13513
2869
13515
13516
13517
13518
2864
2863
2862
2861
2860
13524
13525
2857
13527
13528
13529
13530
13531
13532
13533
13534
2848
2847
13537
2845
13539
2843
13541
13542
13543
2839
13545
2837
13547
13548
13549
13550
13551
13552
13553
13554
13555
13556
13557
13558
13559
13560
13561
2821
2820
2819
2818
13566
13567
2815
13569
13570
13571
2811
13573
2809
2808
13576
2806
13578
13579
13580
13581
13582
2800
13584
2798
13586
13587
2795
13589
13590
2792
2791
13593
2789
13595
13596
13597
2785
13599
13600
13601
13602
13603
13604
13605
13606
2776
2775
2774
13610
13611
2771
2770
13614
2768
2767
2766
13618
2764
2763
13621
13622
13623
13624
13625
13626
13627
2755
13629
13630
13631
13632
13633
2749
2748
13636
13637
2745
13639
13640
13641
13642
13643
13644
2738
13646
13647
13648
13649
13650
2732
13652
13653
2729
2728
13656
13657
13658
13659
13660
13661
2721
13663
2719
13665
2717
13667
13668
13669
13670
13671
13672
13673
2709
2708
13676
13677
13678
13679
13680
13681
13682
13683
13684
13685
2697
2696
2695
13689
13690
13691
13692
2690
13694
13695
2687
13697
13698
13699
13700
13701
13702
13703
13704
13705
2677
13707
13708
2674
13710
13711
2671
13713
13714
13715
13716
2666
13718
13719
13720
2662
13722
2660
13724
13725
13726
13727
2655
13729
2653
13731
2651
13733
13734
13735
13736
13737
2645
13739
13740
13741
2641
13743
13744
13745
13746
13747
2635
13749
13750
13751
13752
13753
13754
13755
13756
2626
13758
2624
2623
13761
2621
13763
13764
13765
13766
2616
2615
13769
2613
13771
2611
2610
2609
13775
13776
13777
2605
13779
13780
13781
13782
2600
13784
13785
13786
13787
2595
13789
2593
2592
13792
13793
13794
13795
2587
13797
13798
13799
13800
2582
13802
13803
13804
13805
2577
13807
2575
13809
13810
13811
13812
13813
13814
2568
13816
13817
2565
13819
2563
2562
13822
13823
13824
2558
13826
13827
13828
13829
2553
13831
13832
13833
13834
13835
13836
13837
13838
13839
13840
13841
13842
2540
13844
2538
13846
2536
2535
13849
2533
2532
13852
13853
13854
13855
13856
13857
13858
13859
2523
13861
13862
13863
13864
13865
2517
13867
13868
13869
13870
13871
13872
13873
13874
2508
13876
13877
13878
2504
13880
2502
13882
13883
13884
2498
2497
13887
2495
13889
13890
13891
13892
13893
13894
13895
13896
13897
13898
13899
13900
13901
13902
2480
13904
13905
2477
13907
13908
2474
13910
13911
13912
2470
13914
13915
2467
13917
2465
13919
2463
13921
2461
13923
13924
2458
13926
13927
2455
13929
13930
13931
13932
13933
13934
13935
2447
13937
13938
13939
13940
13941
13942
13943
2439
2438
13946
2436
13948
13949
13950
2432
13952
2430
13954
13955
13956
13957
2425
2424
13960
13961
13962
13963
13964
13965
2417
2416
13968
2414
2413
13971
2411
13973
13974
2408
13976
13977
13978
13979
13980
13981
2401
13983
2399
13985
13986
13987
13988
13989
13990
13991
13992
13993
13994
13995
13996
13997
13998
13999
14000
14001
14002
14003
14004
14005
14006
14007
14008
14009
14010
14011
2371
14013
14014
14015
14016
14017
2365
14019
14020
14021
14022
14023
14024
14025
14026
14027
14028
2354
14030
14031
2351
14033
14034
14035
14036
14037
14038
14039
14040
14041
2341
14043
14044
14045
2337
14047
14048
14049
14050
2332
14052
14053
2329
2328
14056
14057
14058
14059
14060
2322
14062
14063
14064
2318
14066
14067
2315
2314
2313
14071
2311
14073
2309
2308
14076
2306
2305
14079
14080
14081
2301
14083
14084
14085
2297
14087
14088
2294
14090
14091
2291
14093
2289
14095
2287
14097
2285
14099
14100
14101
14102
2280
14104
14105
14106
14107
14108
14109
2273
14111
14112
14113
14114
14115
14116
14117
14118
2264
14120
14121
2261
14123
14124
14125
14126
14127
14128
14129
14130
14131
14132
2250
2249
14135
14136
14137
2245
2244
2243
14141
14142
2240
2239
14145
2237
14147
14148
14149
14150
14151
2231
14153
14154
14155
14156
2226
14158
14159
14160
14161
14162
14163
14164
14165
14166
14167
14168
2214
14170
14171
14172
14173
2209
14175
14176
14177
2205
14179
2203
14181
2201
2200
14184
2198
14186
14187
14188
14189
14190
14191
14192
14193
14194
14195
14196
14197
14198
14199
14200
14201
2181
14203
14204
2178
14206
14207
14208
14209
14210
2172
14212
14213
14214
14215
14216
2166
2165
14219
14220
14221
14222
14223
14224
2158
2157
14227
14228
14229
2153
14231
14232
14233
14234
14235
14236
2146
14238
14239
14240
14241
14242
14243
14244
14245
14246
2136
2135
2134
14250
14251
14252
14253
14254
14255
14256
14257
2125
2124
2123
2122
14262
2120
2119
14265
14266
2116
14268
2114
14270
14271
14272
14273
14274
14275
14276
14277
14278
14279
14280
14281
2101
14283
2099
14285
2097
14287
2095
14289
14290
14291
14292
14293
14294
2088
14296
14297
14298
2084
14300
14301
14302
14303
2079
14305
2077
2076
14308
2074
14310
14311
14312
14313
14314
2068
2067
2066
14318
14319
14320
14321
14322
2060
14324
14325
14326
14327
14328
14329
14330
2052
14332
14333
14334
14335
14336
14337
14338
14339
14340
14341
2041
2040
2039
14345
14346
14347
2035
14349
14350
2032
14352
14353
14354
2028
14356
14357
2025
14359
14360
2022
2021
14363
2019
14365
2017
14367
14368
14369
14370
14371
2011
2010
14374
14375
14376
14377
2005
2004
2003
14381
14382
2000
14384
1998
14386
1996
1995
14389
14390
14391
14392
14393
1989
1988
14396
14397
1985
14399
1983
14401
14402
14403
14404
14405
14406
14407
14408
14409
14410
14411
14412
14413
14414
14415
14416
14417
14418
1964
14420
14421
14422
14423
14424
14425
14426
14427
14428
1954
14430
14431
14432
14433
1949
14435
1947
1946
14438
14439
14440
14441
14442
1940
14444
14445
14446
14447
14448
14449
14450
14451
14452
1930
14454
14455
14456
14457
14458
14459
14460
14461
14462
1920
14464
14465
14466
14467
14468
14469
14470
1912
1911
14473
14474
14475
14476
1906
1905
14479
14480
14481
14482
14483
14484
14485
14486
14487
14488
14489
14490
1892
14492
1890
14494
14495
14496
14497
1885
14499
14500
14501
14502
1880
14504
14505
14506
14507
14508
14509
14510
14511
14512
1870
14514
14515
1867
14517
1865
1864
14520
1862
14522
1860
14524
1858
14526
14527
14528
14529
1853
14531
14532
14533
14534
14535
1847
14537
14538
14539
14540
1842
14542
1840
14544
1838
1837
14547
1835
1834
1833
14551
14552
14553
1829
14555
14556
14557
14558
14559
1823
14561
14562
1820
14564
14565
14566
14567
14568
14569
14570
1812
1811
1810
14574
14575
14576
14577
14578
1804
1803
14581
14582
14583
14584
14585
14586
14587
14588
14589
14590
1792
14592
14593
1789
14595
14596
1786
14598
1784
14600
14601
14602
14603
1779
14605
14606
14607
14608
14609
1773
14611
14612
14613
1769
14615
14616
14617
14618
14619
1763
1762
14622
14623
14624
1758
1757
14627
14628
14629
14630
1752
14632
14633
14634
14635
14636
1746
14638
14639
14640
14641
14642
14643
14644
14645
14646
14647
1735
14649
1733
14651
14652
1730
14654
14655
14656
14657
14658
1724
14660
14661
14662
14663
14664
14665
14666
14667
14668
14669
14670
1712
14672
14673
14674
14675
14676
14677
1705
1704
14680
14681
14682
14683
14684
14685
14686
14687
14688
14689
14690
14691
14692
14693
14694
14695
14696
1686
14698
14699
14700
1682
14702
14703
1679
1678
14706
1676
14708
14709
1673
14711
1671
14713
14714
14715
14716
14717
14718
14719
14720
1662
14722
14723
14724
14725
14726
14727
14728
14729
14730
1652
1651
14733
14734
14735
14736
14737
14738
14739
1643
14741
14742
1640
14744
14745
14746
14747
1635
14749
14750
14751
14752
14753
14754
14755
1627
14757
14758
1624
14760
1622
14762
14763
1619
14765
14766
14767
1615
14769
14770
14771
14772
1610
14774
14775
14776
14777
14778
14779
14780
1602
14782
14783
14784
14785
14786
14787
14788
1594
14790
1592
1591
14793
14794
14795
14796
14797
14798
14799
1583
14801
14802
14803
14804
14805
1577
14807
14808
14809
14810
14811
14812
1570
1569
14815
14816
1566
14818
14819
1563
14821
1561
14823
14824
14825
14826
1556
14828
14829
14830
14831
1551
14833
14834
14835
14836
1546
14838
1544
14840
1542
1541
14843
14844
1538
14846
14847
14848
14849
14850
1532
14852
14853
1529
1528
14856
14857
14858
14859
1523
14861
1521
14863
14864
14865
14866
14867
14868
14869
14870
1512
1511
14873
14874
14875
14876
14877
14878
14879
14880
14881
1501
14883
1499
14885
1497
14887
14888
14889
14890
14891
14892
1490
1489
14895
1487
14897
14898
14899
14900
14901
14902
1480
1479
14905
14906
14907
14908
1474
1473
14911
14912
14913
14914
14915
14916
14917
14918
1464
14920
1462
14922
14923
14924
14925
1457
14927
14928
1454
14930
14931
14932
14933
1449
14935
14936
1446
1445
14939
14940
1442
14942
14943
14944
14945
14946
1436
14948
14949
14950
14951
1431
14953
1429
14955
14956
14957
1425
14959
14960
1422
14962
14963
14964
14965
14966
14967
14968
1414
14970
14971
14972
14973
14974
14975
14976
1406
14978
14979
1403
14981
14982
1400
14984
14985
1397
14987
1395
14989
14990
1392
1391
14993
14994
14995
14996
14997
14998
1384
15000
15001
15002
15003
15004
15005
15006
15007
15008
15009
1373
1372
15012
15013
1369
15015
15016
15017
15018
15019
15020
1362
15022
15023
15024
1358
15026
15027
15028
15029
15030
1352
15032
15033
1349
15035
15036
15037
1345
1344
15040
15041
1341
1340
1339
15045
15046
15047
15048
15049
15050
1332
15052
15053
15054
15055
15056
15057
15058
15059
15060
15061
1321
15063
1319
15065
15066
15067
15068
15069
15070
15071
15072
1310
15074
15075
15076
15077
15078
1304
15080
15081
1301
1300
15084
15085
15086
15087
15088
15089
15090
1292
15092
15093
1289
15095
1287
15097
15098
15099
15100
15101
1281
15103
15104
15105
1277
15107
15108
15109
15110
15111
15112
15113
15114
1268
1267
15117
15118
15119
15120
15121
15122
15123
15124
15125
1257
1256
1255
1254
1253
15131
15132
1250
15134
1248
15136
15137
1245
1244
15140
15141
15142
15143
15144
15145
15146
15147
1235
15149
1233
1232
15152
15153
15154
15155
15156
15157
1225
15159
15160
15161
15162
15163
15164
15165
15166
15167
15168
15169
15170
15171
1211
15173
1209
1208
15176
15177
1205
15179
15180
15181
15182
15183
15184
15185
15186
15187
15188
15189
15190
15191
15192
15193
15194
15195
15196
15197
15198
15199
15200
1182
15202
1180
15204
15205
1177
15207
15208
1174
15210
15211
15212
15213
15214
15215
15216
15217
15218
1164
15220
15221
15222
1160
15224
1158
15226
15227
1155
15229
15230
15231
1151
15233
15234
1148
15236
1146
15238
15239
15240
1142
1141
15243
15244
15245
15246
1136
1135
15249
15250
1132
15252
15253
15254
15255
1127
15257
15258
15259
15260
1122
15262
15263
1119
15265
1117
1116
1115
15269
15270
1112
1111
15273
1109
15275
1107
15277
15278
1104
15280
15281
1101
15283
1099
15285
1097
15287
15288
15289
1093
15291
15292
15293
15294
15295
15296
1086
15298
1084
15300
15301
15302
1080
15304
15305
15306
1076
1075
15309
15310
15311
15312
15313
1069
15315
1067
15317
15318
15319
15320
1062
1061
1060
15324
1058
15326
15327
15328
15329
15330
1052
1051
15333
15334
15335
15336
15337
15338
15339
15340
15341
1041
15343
15344
15345
15346
15347
15348
1034
15350
15351
15352
15353
15354
15355
15356
15357
15358
15359
15360
1022
1021
15363
15364
1018
15366
15367
15368
1014
15370
1012
15372
15373
1009
15375
15376
15377
15378
1004
1003
15381
15382
15383
15384
15385
15386
15387
15388
15389
15390
15391
15392
15393
15394
988
15396
15397
15398
15399
15400
15401
15402
980
15404
978
15406
15407
975
15409
973
972
15412
15413
15414
968
15416
15417
965
15419
963
962
15422
15423
15424
15425
15426
15427
955
15429
15430
15431
951
15433
949
15435
15436
15437
15438
15439
15440
942
15442
15443
15444
938
937
15447
15448
15449
15450
15451
931
15453
15454
15455
927
15457
15458
15459
15460
922
15462
15463
15464
15465
917
15467
15468
15469
15470
15471
15472
15473
15474
15475
15476
15477
15478
904
15480
15481
15482
15483
15484
15485
15486
15487
15488
15489
15490
15491
15492
15493
15494
15495
887
15497
15498
15499
883
15501
15502
15503
15504
15505
15506
15507
875
15509
873
15511
15512
15513
15514
15515
867
15517
15518
864
15520
862
15522
15523
15524
15525
857
15527
855
15529
15530
15531
15532
15533
15534
15535
15536
846
15538
15539
843
15541
15542
15543
15544
838
15546
15547
835
15549
15550
15551
15552
830
15554
15555
15556
826
15558
824
15560
15561
15562
15563
819
818
817
15567
815
814
15570
812
15572
15573
809
15575
15576
15577
805
15579
15580
15581
15582
15583
799
798
797
15587
795
794
15590
15591
791
15593
15594
15595
15596
15597
15598
15599
783
15601
781
15603
779
778
15606
776
15608
15609
15610
15611
15612
15613
769
15615
767
766
15618
15619
15620
762
15622
15623
15624
15625
15626
15627
15628
15629
15630
752
15632
15633
15634
15635
15636
15637
15638
15639
15640
15641
15642
15643
739
15645
15646
15647
15648
15649
15650
15651
15652
730
15654
15655
15656
15657
15658
15659
723
722
721
720
15664
15665
15666
15667
15668
15669
15670
15671
15672
710
15674
708
15676
15677
15678
15679
15680
15681
15682
15683
15684
698
15686
15687
15688
15689
15690
15691
691
15693
689
688
687
15697
685
684
15700
682
681
680
15704
678
677
676
15708
15709
673
15711
15712
15713
15714
15715
15716
15717
665
15719
663
15721
15722
15723
15724
15725
15726
15727
655
15729
15730
15731
15732
650
649
648
647
15737
15738
15739
15740
642
15742
15743
15744
638
15746
15747
15748
15749
633
15751
15752
15753
15754
628
15756
626
625
15759
15760
15761
621
15763
15764
15765
15766
616
15768
15769
15770
612
15772
610
15774
15775
15776
606
15778
15779
15780
15781
15782
15783
15784
15785
597
15787
595
15789
593
15791
15792
15793
15794
15795
15796
15797
15798
15799
15800
582
581
15803
579
578
577
15807
15808
15809
573
15811
15812
15813
15814
15815
15816
566
15818
15819
563
15821
15822
15823
15824
15825
557
15827
15828
554
15830
15831
15832
550
15834
15835
15836
15837
15838
15839
15840
542
15842
15843
15844
538
15846
15847
15848
534
15850
532
531
15853
15854
15855
15856
15857
15858
15859
15860
522
521
15863
15864
15865
15866
15867
515
15869
15870
15871
15872
15873
15874
508
15876
15877
15878
15879
15880
502
15882
15883
15884
498
15886
15887
15888
15889
493
15891
15892
15893
489
15895
487
15897
15898
15899
15900
15901
481
15903
15904
15905
15906
15907
15908
15909
15910
15911
15912
15913
469
15915
15916
466
15918
464
15920
15921
15922
460
15924
15925
15926
456
15928
454
15930
15931
15932
15933
15934
15935
15936
446
15938
15939
15940
15941
441
15943
15944
15945
15946
436
435
15949
15950
15951
15952
15953
15954
15955
427
15957
15958
15959
15960
422
421
15963
15964
15965
15966
416
15968
15969
15970
15971
15972
410
15974
15975
407
15977
15978
15979
15980
15981
15982
15983
399
15985
15986
15987
395
15989
15990
15991
391
15993
389
388
15996
15997
385
15999
16000
16001
16002
380
16004
16005
16006
16007
16008
374
16010
16011
371
16013
16014
16015
367
16017
16018
16019
16020
16021
16022
16023
359
16025
16026
356
16028
16029
353
16031
351
16033
16034
348
16036
16037
345
344
343
16041
16042
16043
339
16045
337
16047
16048
16049
16050
332
16052
16053
16054
16055
16056
16057
325
16059
16060
16061
321
16063
319
16065
16066
16067
315
16069
16070
16071
16072
16073
309
308
307
16077
16078
16079
16080
16081
16082
300
16084
16085
16086
16087
16088
16089
16090
292
291
290
16094
16095
287
286
285
16099
16100
282
16102
16103
16104
16105
16106
16107
16108
16109
16110
16111
16112
16113
16114
16115
16116
266
265
264
263
16121
16122
16123
16124
16125
257
16127
255
254
16130
16131
16132
16133
249
16135
16136
16137
16138
244
16140
16141
16142
16143
16144
16145
16146
16147
16148
16149
16150
16151
16152
16153
16154
16155
16156
16157
16158
16159
223
16161
16162
16163
219
218
16166
16167
16168
16169
16170
16171
211
16173
16174
208
207
16177
16178
204
16180
16181
16182
200
16184
16185
197
16187
16188
16189
16190
16191
16192
16193
16194
16195
16196
16197
16198
16199
16200
182
16202
16203
179
16205
16206
176
175
16209
16210
16211
16212
16213
169
16215
16216
16217
16218
16219
16220
16221
16222
16223
16224
158
16226
156
16228
16229
16230
16231
16232
16233
16234
148
16236
146
145
16239
16240
16241
16242
16243
16244
16245
16246
136
16248
16249
133
16251
16252
16253
16254
128
127
16257
16258
124
123
122
16262
16263
119
16265
16266
16267
16268
16269
16270
16271
16272
110
16274
16275
16276
16277
105
16279
103
16281
101
100
99
16285
16286
16287
16288
16289
16290
92
16292
16293
16294
88
16296
16297
85
84
83
16301
16302
80
79
16305
16306
16307
16308
16309
16310
16311
16312
16313
16314
16315
16316
16317
16318
16319
16320
16321
16322
16323
59
16325
16326
56
16328
16329
16330
16331
16332
16333
16334
16335
47
16337
16338
16339
16340
16341
16342
40
16344
16345
37
16347
35
16349
16350
16351
16352
16353
16354
28
16356
26
16358
16359
16360
22
21
16363
16364
16365
16366
16
16368
16369
13
16371
16372
16373
9
16375
16376
6
16378
16379
3
16381
16382
16383
