16383
1
2
3
16379
16378
6
7
8
9
10
11
12
16370
14
16368
16367
17
16365
19
16363
16362
16361
23
16359
16358
26
27
28
29
30
16352
32
33
16349
35
16347
16346
38
39
40
16342
16341
16340
44
16338
46
16336
16335
16334
50
16332
16331
16330
16329
16328
56
16326
58
16324
60
16322
62
16320
16319
16318
66
67
16315
69
70
16312
16311
16310
16309
16308
16307
16306
78
16304
80
16302
16301
16300
16299
85
86
16296
88
89
16293
16292
16291
16290
16289
16288
96
97
16285
16284
16283
101
102
16280
104
16278
106
16276
108
109
110
16272
16271
113
16269
115
116
117
118
16264
120
16262
16261
123
124
16258
16257
16256
128
16254
16253
16252
16251
16250
134
16248
136
137
138
16244
16243
141
142
16240
144
145
146
16236
148
149
150
151
152
16230
154
16228
156
16226
16225
16224
16223
161
16221
16220
16219
16218
16217
167
168
169
16213
171
172
16210
174
16208
16207
177
178
16204
180
181
182
16200
184
185
16197
16196
188
16194
190
16192
16191
16190
16189
16188
196
16186
198
199
200
201
202
203
16179
205
16177
16176
208
209
16173
16172
16171
213
16169
16168
216
217
16165
16164
16163
16162
16161
223
16159
225
226
227
16155
229
230
16152
232
233
16149
235
236
16146
238
239
240
16142
242
16140
16139
16138
16137
247
16135
249
250
251
252
253
16129
255
256
257
16125
259
16123
261
262
16120
16119
265
266
16116
16115
16114
270
16112
272
273
274
16108
276
16106
278
16104
280
281
282
283
16099
285
16097
287
288
289
16093
291
292
16090
16089
295
16087
297
16085
299
300
301
16081
303
16079
305
306
307
16075
309
310
16072
16071
16070
16069
315
316
317
16065
16064
16063
16062
16061
323
16059
16058
326
327
16055
16054
16053
331
16051
16050
334
16048
336
16046
16045
16044
16043
341
342
343
344
345
346
347
348
349
350
351
352
353
354
355
16027
16026
16025
16024
16023
16022
362
16020
364
16018
366
367
16015
16014
16013
371
16011
16010
374
16008
376
377
378
16004
16003
381
382
16000
384
15998
15997
387
388
389
15993
391
15991
15990
15989
15988
396
397
15985
399
15983
401
15981
403
404
405
15977
15976
408
15974
15973
411
412
15970
414
415
416
417
15965
15964
420
421
422
15960
424
15958
426
15956
428
15954
15953
15952
15951
15950
15949
15948
15947
437
15945
439
440
15942
442
15940
444
445
446
15936
15935
15934
15933
15932
452
453
454
15928
15927
457
15925
15924
460
15922
462
15920
15919
15918
15917
15916
15915
469
470
471
15911
15910
15909
15908
476
477
15905
479
480
15902
15901
15900
484
15898
15897
15896
15895
489
490
15892
15891
15890
15889
15888
15887
15886
15885
499
500
501
502
503
504
505
506
507
15875
15874
15873
15872
15871
513
15869
515
15867
517
15865
15864
520
521
522
523
15859
15858
15857
15856
15855
529
15853
531
15851
15850
534
535
536
15846
538
15844
15843
541
542
15840
15839
15838
546
15836
548
15834
15833
15832
552
15830
554
555
15827
15826
558
559
15823
561
562
563
15819
565
566
567
568
569
15813
15812
15811
15810
15809
575
15807
15806
578
579
580
15802
15801
583
15799
15798
586
587
588
589
590
591
592
593
594
15788
596
597
15785
15784
15783
15782
15781
15780
15779
15778
15777
15776
15775
15774
15773
611
612
15770
15769
15768
15767
15766
15765
619
15763
621
15761
623
15759
15758
626
627
15755
15754
15753
631
15751
633
15749
635
15747
637
15745
15744
15743
641
15741
15740
15739
15738
15737
15736
15735
649
650
15732
652
653
654
15728
656
657
658
15724
15723
15722
15721
663
664
15718
666
667
15715
15714
670
15712
672
673
674
675
676
677
15705
679
680
681
682
683
684
685
15697
687
15695
15694
690
15692
692
693
15689
15688
696
15686
15685
699
15683
701
15681
703
15679
15678
706
15676
15675
709
15673
15672
712
713
714
715
15667
15666
718
15664
720
721
722
723
15659
725
726
15656
728
15654
730
15652
15651
15650
15649
735
15647
737
15645
15644
15643
741
742
743
744
745
15637
15636
748
15634
15633
751
15631
753
15629
15628
15627
757
758
15624
760
761
762
763
764
765
766
15616
15615
769
770
771
15611
15610
15609
775
15607
777
778
15604
780
15602
15601
783
784
785
786
15596
15595
789
15593
15592
15591
15590
15589
795
15587
15586
15585
15584
800
15582
802
15580
804
15578
806
15576
808
15574
15573
15572
15571
15570
15569
15568
816
817
15565
15564
820
15562
822
823
15559
825
15557
15556
828
829
15553
15552
15551
833
15549
15548
836
15546
838
15544
840
15542
15541
15540
844
845
15537
15536
15535
15534
15533
851
15531
853
854
15528
856
857
15525
15524
860
861
862
15520
15519
15518
15517
867
15515
15514
15513
15512
15511
873
874
875
876
877
878
15504
880
881
882
15500
884
15498
15497
887
15495
15494
15493
891
892
893
15489
895
15487
15486
15485
899
15483
901
15481
15480
15479
15478
15477
907
908
15474
15473
15472
15471
15470
15469
15468
15467
917
15465
15464
920
921
15461
923
924
925
15457
927
928
929
930
931
15451
15450
15449
935
15447
15446
938
939
940
941
15441
15440
15439
15438
946
947
948
15434
15433
15432
952
15430
954
15428
15427
15426
958
959
960
961
962
963
15419
965
15417
15416
968
15414
970
971
15411
15410
15409
975
15407
977
978
15404
15403
15402
982
983
15399
15398
986
15396
15395
989
990
991
992
15390
994
15388
996
997
15385
15384
15383
1001
15381
1003
1004
1005
15377
1007
15375
15374
1010
15372
15371
1013
15369
15368
15367
15366
15365
1019
15363
1021
1022
1023
15359
1025
15357
15356
1028
1029
15353
1031
1032
15350
1034
15348
1036
15346
15345
15344
15343
15342
1042
1043
15339
1045
1046
1047
1048
1049
1050
1051
15331
15330
15329
15328
15327
1057
1058
15324
15323
1061
1062
15320
15319
1065
15317
15316
15315
1069
15313
1071
15311
1073
15309
1075
15307
15306
1078
15304
1080
15302
1082
15300
15299
1085
15297
1087
1088
1089
1090
1091
15291
1093
15289
1095
1096
15286
15285
1099
1100
15282
15281
1103
15279
15278
1106
15276
15275
1109
15273
15272
15271
15270
15269
15268
15267
1117
1118
1119
1120
1121
15261
1123
15259
1125
1126
15256
15255
1129
15253
1131
15251
15250
1134
1135
15247
15246
1138
1139
15243
15242
1142
1143
15239
1145
15237
15236
1148
1149
15233
15232
1152
1153
1154
15228
15227
15226
15225
15224
15223
15222
15221
1163
1164
1165
1166
15216
15215
15214
15213
15212
15211
1173
1174
15208
15207
15206
1178
15204
15203
15202
15201
15200
1184
1185
1186
15196
15195
1189
15193
15192
15191
15190
1194
1195
15187
15186
15185
1199
15183
15182
15181
15180
15179
15178
15177
1207
1208
15174
1210
15172
1212
15170
15169
15168
15167
15166
1218
15164
15163
1221
15161
15160
1224
15158
1226
1227
15155
1229
1230
15152
1232
15150
1234
15148
1236
1237
1238
1239
15143
1241
1242
15140
1244
15138
1246
1247
15135
1249
1250
1251
1252
1253
1254
1255
1256
1257
15125
15124
1260
15122
1262
1263
15119
1265
15117
1267
1268
1269
1270
15112
15111
1273
1274
1275
15107
1277
1278
15104
15103
1281
1282
15100
1284
15098
15097
1287
15095
1289
15093
15092
1292
1293
15089
15088
1296
15086
1298
15084
1300
1301
1302
1303
1304
1305
1306
15076
15075
1309
15073
15072
15071
15070
1314
1315
15067
1317
15065
15064
1320
1321
1322
1323
1324
1325
15057
1327
1328
15054
15053
1331
1332
15050
1334
1335
1336
1337
1338
15044
1340
15042
1342
15040
1344
1345
15037
1347
15035
1349
15033
1351
15031
1353
1354
15028
1356
1357
15025
1359
1360
15022
1362
1363
15019
1365
1366
15016
1368
1369
15013
1371
1372
1373
15009
1375
1376
1377
15005
1379
15003
15002
15001
1383
14999
14998
1386
14996
14995
14994
1390
1391
14991
14990
14989
14988
1396
1397
14985
14984
1400
1401
1402
1403
1404
14978
1406
1407
14975
1409
1410
14972
14971
1413
1414
14968
1416
1417
1418
14964
1420
1421
14961
1423
1424
1425
1426
14956
14955
14954
1430
1431
1432
14950
14949
14948
1436
1437
1438
1439
1440
1441
14941
14940
1444
1445
14937
14936
14935
1449
1450
14932
14931
1453
14929
14928
1456
14926
1458
14924
1460
14922
1462
14920
1464
14918
14917
1467
1468
1469
1470
1471
14911
1473
14909
1475
14907
14906
14905
14904
14903
14902
14901
1483
1484
14898
14897
1487
1488
14894
14893
1491
14891
1493
14889
1495
1496
14886
14885
1499
14883
14882
14881
1503
14879
14878
1506
1507
1508
14874
14873
14872
1512
1513
14869
14868
1516
14866
14865
14864
14863
1521
1522
14860
1524
14858
14857
14856
14855
1529
14853
14852
14851
1533
1534
1535
14847
14846
14845
1539
14843
14842
1542
1543
1544
1545
14837
14836
14835
14834
1550
1551
14831
1553
1554
1555
1556
1557
1558
14824
1560
1561
1562
1563
1564
1565
1566
1567
1568
14814
14813
1571
1572
1573
1574
1575
14807
1577
14805
1579
14803
1581
14801
14800
1584
1585
1586
14796
1588
1589
14793
1591
1592
1593
1594
1595
1596
1597
14785
1599
1600
14782
14781
14780
14779
14778
1606
14776
14775
14774
1610
14772
14771
14770
14769
1615
14767
14766
14765
14764
1620
14762
1622
1623
14759
14758
14757
1627
14755
14754
14753
1631
1632
1633
14749
14748
14747
1637
1638
1639
14743
1641
1642
1643
14739
14738
1646
14736
14735
14734
14733
1651
1652
14730
1654
1655
14727
14726
14725
1659
14723
14722
14721
1663
14719
14718
14717
14716
1668
1669
1670
14712
14711
1673
1674
14708
14707
1677
1678
14704
14703
1681
1682
1683
14699
14698
1686
1687
14695
14694
14693
14692
1692
1693
14689
14688
1696
1697
14685
1699
1700
14682
1702
14680
14679
1705
14677
14676
1708
1709
1710
1711
1712
14670
1714
14668
1716
1717
1718
14664
1720
1721
1722
14660
14659
1725
14657
14656
14655
14654
1730
1731
14651
14650
14649
14648
14647
14646
1738
1739
1740
1741
14641
1743
14639
14638
1746
14636
1748
1749
14633
14632
14631
14630
14629
1755
14627
1757
1758
14624
14623
14622
1762
14620
1764
1765
1766
1767
1768
1769
14613
1771
1772
1773
1774
1775
14607
1777
1778
14604
1780
14602
1782
14600
1784
14598
14597
14596
14595
1789
14593
14592
14591
1793
14589
14588
1796
14586
1798
14584
1800
1801
14581
14580
14579
1805
14577
1807
14575
14574
1810
1811
1812
14570
14569
14568
14567
14566
1818
14564
1820
1821
14561
1823
1824
14558
14557
14556
14555
1829
14553
1831
14551
14550
1834
1835
14547
14546
14545
1839
14543
14542
14541
14540
1844
1845
1846
1847
14535
1849
1850
14532
14531
14530
1854
1855
1856
14526
14525
14524
1860
1861
14521
14520
1864
14518
1866
14516
1868
1869
1870
1871
1872
1873
14509
1875
1876
14506
1878
14504
14503
1881
14501
1883
14499
14498
1886
14496
1888
1889
14493
1891
14491
14490
1894
1895
14487
1897
14485
1899
14483
14482
14481
1903
14479
1905
1906
14476
14475
14474
1910
1911
14471
14470
14469
14468
14467
14466
14465
1919
1920
14462
14461
1923
1924
1925
14457
14456
14455
14454
14453
1931
14451
1933
1934
1935
14447
1937
1938
14444
14443
1941
1942
14440
14439
1945
1946
14436
1948
1949
1950
14432
1952
1953
14429
1955
14427
1957
14425
1959
14423
1961
14421
14420
14419
1965
1966
1967
14415
14414
14413
14412
1972
14410
14409
1975
1976
1977
14405
14404
14403
14402
1982
14400
14399
14398
14397
1987
14395
1989
14393
1991
14391
14390
1994
14388
1996
14386
14385
1999
14383
14382
2002
14380
14379
14378
14377
2007
2008
2009
14373
2011
2012
2013
2014
2015
14367
2017
14365
14364
2020
14362
14361
14360
14359
2025
14357
14356
14355
2029
14353
14352
14351
14350
14349
2035
2036
2037
2038
2039
2040
2041
2042
14340
2044
2045
2046
2047
2048
14334
2050
2051
14331
2053
2054
2055
2056
14326
2058
14324
2060
14322
14321
2063
2064
14318
2066
2067
14315
14314
2070
2071
2072
14310
14309
2075
2076
2077
14305
14304
14303
2081
14301
2083
14299
2085
14297
2087
2088
14294
2090
14292
2092
2093
14289
14288
14287
14286
2098
14284
14283
2101
14281
14280
14279
14278
2106
14276
14275
2109
2110
2111
2112
14270
2114
14268
2116
14266
2118
2119
2120
14262
2122
2123
2124
14258
2126
14256
2128
14254
14253
2131
2132
14250
14249
14248
14247
14246
2138
14244
14243
2141
14241
14240
14239
14238
2146
2147
2148
14234
2150
2151
14231
2153
14229
2155
14227
2157
2158
2159
14223
2161
2162
2163
2164
14218
14217
14216
2168
14214
2170
14212
14211
14210
14209
2175
2176
2177
2178
2179
14203
14202
14201
14200
14199
2185
14197
2187
2188
14194
14193
2191
2192
2193
14189
14188
14187
14186
2198
2199
14183
2201
14181
2203
2204
2205
2206
2207
2208
14174
2210
14172
14171
14170
14169
2215
14167
14166
14165
2219
2220
14162
14161
2223
14159
2225
14157
14156
14155
2229
14153
14152
14151
14150
14149
14148
2236
14146
2238
2239
2240
2241
2242
2243
2244
14138
2246
14136
2248
2249
14133
14132
14131
2253
14129
2255
2256
2257
2258
14124
2260
2261
14121
14120
2264
14118
14117
14116
14115
14114
14113
14112
14111
14110
14109
14108
14107
14106
2278
14104
2280
14102
2282
14100
2284
2285
14097
14096
2288
2289
14093
14092
2292
2293
2294
14088
2296
14086
14085
2299
14083
14082
2302
2303
2304
14078
14077
2307
14075
2309
14073
14072
14071
14070
14069
14068
14067
14066
2318
14064
2320
2321
2322
14060
2324
14058
2326
14056
2328
14054
14053
2331
14051
2333
14049
2335
2336
14046
2338
14044
2340
2341
14041
2343
2344
2345
2346
14036
2348
2349
2350
14032
2352
2353
14029
2355
14027
2357
2358
14024
2360
2361
2362
14020
14019
2365
14017
14016
14015
14014
14013
2371
14011
14010
2374
14008
2376
2377
2378
2379
14003
14002
14001
2383
13999
2385
13997
2387
2388
2389
13993
2391
2392
2393
2394
2395
13987
13986
2398
2399
2400
13982
2402
2403
13979
13978
2406
2407
2408
13974
13973
13972
2412
13970
2414
13968
13967
13966
2418
13964
13963
2421
13961
2423
2424
13958
13957
13956
2428
13954
2430
2431
2432
13950
13949
2435
13947
13946
13945
13944
2440
13942
2442
13940
2444
13938
13937
2447
2448
2449
2450
13932
2452
2453
13929
2455
13927
2457
13925
13924
2460
13922
13921
13920
13919
2465
2466
13916
2468
2469
2470
13912
2472
13910
2474
13908
2476
13906
2478
13904
2480
13902
2482
13900
2484
2485
13897
2487
2488
13894
13893
13892
2492
13890
13889
13888
13887
2497
13885
2499
2500
2501
2502
13880
13879
2505
13877
2507
13875
2509
2510
2511
13871
2513
13869
2515
13867
2517
13865
13864
13863
2521
2522
2523
13859
13858
13857
13856
2528
2529
2530
13852
13851
13850
2534
2535
13847
2537
13845
13844
2540
13842
13841
2543
13839
13838
13837
13836
13835
13834
13833
2551
13831
2553
2554
13828
2556
13826
13825
13824
13823
2561
13821
13820
13819
2565
2566
13816
13815
2569
13813
2571
2572
2573
2574
2575
2576
13806
2578
13804
13803
2581
2582
13800
13799
2585
2586
2587
13795
13794
2590
13792
13791
2593
13789
13788
13787
13786
13785
13784
2600
2601
13781
13780
13779
2605
2606
2607
13775
13774
13773
13772
13771
13770
13769
2615
13767
2617
13765
13764
2620
2621
2622
13760
13759
2625
2626
13756
13755
2629
2630
13752
13751
2633
2634
2635
13747
2637
2638
13744
13743
2641
2642
2643
2644
2645
2646
13736
2648
13734
13733
13732
2652
2653
13729
13728
2656
13726
2658
2659
2660
2661
2662
13720
2664
2665
13717
13716
2668
2669
2670
13712
2672
13710
13709
13708
2676
2677
2678
13704
2680
2681
13701
13700
2684
13698
13697
2687
13695
13694
13693
13692
2692
13690
13689
13688
2696
13686
13685
13684
13683
2701
13681
13680
13679
13678
2706
2707
2708
2709
13673
13672
2712
2713
13669
13668
13667
2717
2718
13664
2720
13662
13661
2723
2724
13658
13657
13656
13655
13654
2730
13652
13651
13650
2734
2735
13647
2737
13645
2739
2740
2741
13641
13640
2744
13638
13637
2747
13635
2749
2750
13632
13631
13630
2754
2755
13627
2757
2758
2759
13623
13622
13621
13620
13619
2765
2766
13616
2768
13614
2770
2771
2772
2773
2774
13608
13607
13606
2778
13604
2780
2781
13601
13600
2784
2785
13597
2787
2788
2789
13593
13592
13591
2793
13589
13588
2796
2797
2798
2799
2800
2801
2802
13580
13579
2805
13577
13576
13575
2809
13573
2811
13571
13570
2814
13568
13567
2817
2818
13564
2820
13562
13561
13560
2824
2825
2826
13556
13555
2829
2830
2831
2832
13550
13549
2835
13547
2837
2838
13544
2840
2841
2842
2843
13539
2845
2846
2847
2848
2849
13533
13532
13531
2853
13529
2855
13527
13526
13525
2859
13523
13522
2862
13520
2864
2865
13517
13516
13515
13514
13513
2871
2872
13510
13509
2875
13507
13506
2878
2879
13503
2881
13501
2883
13499
2885
2886
2887
13495
2889
13493
2891
13491
2893
2894
2895
13487
2897
2898
13484
13483
13482
13481
13480
2904
13478
2906
13476
13475
2909
2910
2911
2912
2913
2914
2915
13467
13466
13465
2919
2920
13462
2922
13460
13459
13458
2926
13456
13455
2929
2930
13452
2932
13450
13449
13448
2936
2937
13445
13444
2940
2941
2942
13440
2944
2945
2946
2947
2948
2949
13433
2951
2952
2953
13429
13428
13427
2957
13425
2959
2960
2961
2962
2963
13419
2965
13417
13416
13415
13414
13413
2971
13411
13410
13409
2975
13407
2977
2978
13404
13403
2981
13401
13400
2984
13398
2986
2987
2988
2989
13393
13392
2992
2993
2994
2995
2996
13386
2998
2999
13383
13382
13381
3003
3004
13378
3006
13376
3008
13374
3010
3011
13371
13370
13369
3015
3016
3017
13365
13364
3020
3021
3022
3023
13359
3025
13357
13356
13355
13354
13353
3031
13351
13350
13349
3035
13347
13346
13345
3039
3040
13342
13341
3043
13339
13338
3046
3047
13335
13334
13333
13332
3052
13330
3054
3055
3056
13326
13325
3059
13323
13322
13321
13320
13319
3065
3066
13316
13315
13314
13313
13312
3072
13310
13309
13308
13307
13306
13305
13304
3080
3081
13301
13300
3084
13298
13297
3087
13295
3089
13293
13292
13291
3093
13289
13288
3096
3097
13285
3099
13283
3101
3102
3103
13279
3105
3106
3107
13275
13274
13273
3111
13271
13270
13269
13268
3116
13266
13265
3119
3120
13262
3122
3123
3124
3125
3126
13256
3128
13254
13253
13252
3132
13250
3134
3135
13247
13246
3138
3139
3140
3141
3142
3143
3144
13238
13237
13236
3148
13234
13233
13232
13231
13230
3154
3155
3156
13226
13225
3159
3160
3161
13221
3163
3164
3165
13217
13216
13215
13214
13213
13212
13211
13210
13209
13208
13207
3177
3178
3179
3180
3181
3182
3183
13199
3185
3186
13196
3188
13194
3190
3191
3192
13190
13189
3195
3196
13186
13185
3199
13183
13182
13181
13180
13179
13178
13177
13176
3208
13174
3210
3211
13171
3213
3214
3215
3216
13166
3218
3219
3220
3221
3222
3223
3224
13158
13157
13156
3228
13154
13153
3231
13151
3233
3234
3235
3236
13146
13145
3239
3240
13142
13141
13140
3244
3245
3246
3247
13135
13134
3250
3251
13131
13130
3254
3255
3256
13126
3258
3259
3260
3261
3262
13120
3264
3265
13117
13116
3268
13114
3270
13112
3272
3273
3274
3275
3276
3277
13105
13104
3280
13102
13101
13100
13099
13098
13097
13096
3288
13094
13093
13092
13091
3293
13089
13088
13087
13086
3298
13084
13083
3301
13081
13080
13079
13078
3306
13076
3308
13074
13073
13072
3312
13070
3314
13068
3316
13066
3318
13064
3320
13062
13061
3323
13059
13058
13057
13056
3328
3329
3330
13052
3332
3333
3334
13048
3336
3337
3338
3339
3340
3341
13041
13040
3344
3345
3346
13036
13035
13034
13033
13032
3352
3353
13029
3355
13027
13026
13025
3359
13023
3361
13021
13020
3364
3365
3366
13016
13015
13014
3370
3371
3372
3373
13009
13008
3376
3377
13005
3379
3380
13002
13001
3383
12999
3385
12997
12996
3388
3389
12993
3391
12991
3393
12989
12988
12987
12986
12985
3399
12983
3401
3402
3403
3404
3405
12977
12976
3408
12974
12973
3411
3412
12970
3414
12968
3416
12966
12965
12964
12963
12962
12961
12960
12959
12958
12957
3427
12955
12954
12953
3431
3432
12950
12949
3435
3436
12946
3438
12944
12943
12942
12941
3443
12939
12938
12937
3447
3448
3449
3450
3451
12931
3453
3454
3455
3456
12926
3458
3459
12923
3461
3462
12920
12919
12918
3466
12916
12915
3469
3470
12912
3472
3473
12909
12908
12907
3477
3478
3479
12903
12902
3482
12900
12899
3485
3486
12896
12895
12894
12893
3491
12891
12890
3494
3495
3496
3497
3498
3499
12883
12882
12881
12880
12879
3505
3506
3507
3508
3509
3510
12872
3512
12870
12869
3515
12867
3517
3518
12864
3520
3521
3522
12860
3524
12858
12857
12856
3528
12854
12853
12852
12851
3533
3534
12848
3536
12846
3538
3539
12843
12842
3542
12840
3544
3545
3546
3547
3548
12834
3550
3551
3552
12830
3554
12828
12827
12826
12825
12824
12823
3561
3562
3563
12819
12818
12817
3567
3568
12814
12813
12812
3572
12810
12809
3575
12807
3577
3578
12804
3580
3581
3582
12800
12799
3585
3586
3587
3588
3589
3590
3591
3592
12790
12789
3595
12787
3597
12785
3599
12783
12782
12781
12780
3604
3605
3606
12776
3608
12774
3610
12772
12771
12770
3614
12768
12767
3617
3618
3619
3620
12762
3622
3623
12759
12758
12757
12756
12755
3629
12753
3631
12751
3633
12749
12748
3636
12746
12745
12744
12743
3641
3642
3643
3644
12738
12737
3647
3648
3649
12733
12732
12731
12730
12729
3655
3656
3657
3658
3659
12723
3661
3662
12720
3664
12718
3666
3667
12715
12714
3670
3671
12711
12710
12709
3675
3676
12706
12705
3679
12703
12702
3682
12700
3684
12698
12697
3687
3688
12694
3690
12692
3692
12690
3694
3695
3696
12686
3698
12684
12683
12682
3702
3703
3704
3705
12677
3707
12675
12674
3710
12672
12671
3713
12669
3715
12667
12666
3718
3719
12663
3721
3722
12660
3724
12658
3726
12656
3728
12654
12653
12652
3732
3733
3734
3735
12647
3737
12645
12644
3740
12642
3742
12640
3744
12638
12637
12636
3748
3749
3750
3751
3752
12630
3754
3755
3756
3757
3758
3759
12623
12622
12621
3763
3764
3765
3766
12616
12615
3769
12613
3771
12611
12610
3774
12608
12607
3777
3778
3779
3780
12602
12601
3783
12599
3785
3786
3787
12595
12594
3790
3791
3792
12590
12589
3795
3796
12586
12585
3799
12583
12582
3802
3803
3804
3805
3806
12576
3808
12574
12573
3811
3812
3813
12569
12568
12567
3817
12565
3819
12563
12562
12561
12560
12559
12558
12557
3827
3828
3829
12553
12552
12551
3833
12549
3835
12547
3837
3838
3839
3840
3841
12541
3843
3844
3845
3846
12536
3848
12534
3850
12532
3852
3853
3854
12528
12527
12526
3858
3859
3860
3861
12521
3863
3864
12518
3866
3867
3868
3869
3870
12512
12511
3873
12509
3875
12507
3877
12505
12504
3880
12502
3882
12500
12499
3885
3886
3887
3888
3889
12493
12492
12491
3893
3894
3895
3896
12486
3898
3899
3900
12482
3902
3903
12479
12478
3906
3907
12475
12474
3910
12472
3912
3913
3914
3915
12467
3917
3918
3919
12463
12462
12461
12460
12459
3925
12457
12456
12455
12454
3930
3931
12451
12450
3934
12448
3936
12446
3938
3939
12443
3941
3942
12440
3944
12438
3946
3947
12435
3949
12433
12432
3952
3953
3954
12428
12427
12426
3958
12424
3960
3961
12421
12420
12419
3965
12417
12416
12415
3969
12413
3971
12411
3973
12409
3975
3976
3977
12405
12404
12403
3981
12401
3983
3984
3985
12397
3987
3988
3989
3990
3991
12391
3993
3994
3995
12387
3997
12385
3999
4000
12382
4002
12380
4004
12378
12377
4007
12375
12374
12373
4011
12371
4013
4014
4015
12367
4017
4018
4019
4020
12362
12361
4023
4024
4025
4026
4027
12355
12354
4030
12352
12351
12350
12349
4035
12347
12346
4038
4039
12343
12342
12341
4043
12339
12338
4046
4047
12335
4049
12333
12332
4052
12330
12329
12328
12327
4057
12325
12324
4060
4061
12321
12320
4064
4065
12317
12316
12315
4069
12313
4071
12311
12310
12309
12308
4076
4077
4078
12304
12303
12302
12301
4083
4084
12298
4086
12296
4088
12294
4090
4091
4092
4093
4094
12288
12287
4097
4098
4099
12283
4101
12281
12280
4104
4105
12277
12276
12275
4109
4110
4111
12271
4113
12269
4115
12267
4117
4118
12264
4120
12262
4122
4123
4124
12258
12257
4127
4128
12254
4130
4131
12251
12250
12249
12248
4136
12246
12245
4139
12243
4141
4142
12240
12239
12238
12237
12236
12235
12234
4150
12232
4152
12230
4154
12228
4156
12226
4158
4159
4160
4161
12221
4163
12219
12218
4166
4167
4168
12214
4170
4171
4172
4173
4174
4175
4176
12206
12205
12204
12203
4181
12201
12200
12199
4185
4186
12196
12195
12194
12193
4191
4192
12190
12189
4195
4196
12186
12185
4199
4200
4201
4202
4203
4204
4205
4206
4207
4208
4209
12173
12172
4212
4213
4214
4215
4216
12166
4218
12164
12163
12162
4222
4223
12159
12158
12157
4227
4228
4229
12153
12152
12151
12150
12149
4235
4236
12146
12145
12144
12143
4241
12141
4243
4244
12138
12137
4247
12135
12134
12133
4251
4252
4253
4254
12128
4256
12126
12125
4259
12123
4261
12121
12120
4264
12118
12117
12116
4268
12114
12113
12112
4272
4273
4274
12108
4276
12106
4278
12104
12103
4281
4282
4283
12099
4285
12097
4287
12095
4289
4290
12092
4292
4293
12089
12088
12087
12086
4298
12084
12083
12082
12081
12080
12079
12078
12077
12076
4308
4309
12073
12072
4312
12070
4314
4315
4316
12066
12065
4319
4320
4321
4322
4323
12059
12058
4326
12056
12055
12054
4330
4331
12051
12050
4334
12048
4336
4337
12045
12044
12043
4341
4342
12040
4344
12038
12037
4347
4348
4349
4350
4351
12031
12030
12029
12028
4356
12026
4358
4359
4360
4361
4362
4363
4364
12018
12017
12016
4368
4369
4370
4371
12011
4373
4374
4375
12007
4377
12005
4379
12003
4381
4382
4383
11999
4385
11997
4387
11995
11994
4390
11992
11991
11990
4394
4395
4396
11986
11985
11984
4400
4401
4402
4403
4404
4405
4406
4407
11975
11974
4410
4411
4412
11970
11969
11968
11967
11966
11965
11964
11963
4421
4422
4423
4424
11958
11957
4427
4428
11954
11953
4431
4432
11950
11949
4435
4436
4437
4438
11944
4440
11942
11941
11940
11939
4445
4446
11936
4448
11934
11933
11932
11931
11930
4454
11928
11927
11926
11925
4459
4460
4461
4462
4463
11919
4465
11917
11916
11915
11914
11913
11912
11911
11910
4474
11908
4476
11906
4478
11904
4480
4481
4482
4483
4484
11898
11897
11896
4488
4489
4490
11892
4492
4493
4494
4495
11887
11886
11885
11884
4500
11882
11881
4503
4504
4505
4506
11876
11875
4509
4510
11872
11871
11870
4514
4515
11867
4517
4518
11864
11863
4521
4522
11860
11859
11858
11857
4527
4528
11854
11853
11852
11851
11850
11849
4535
11847
11846
11845
4539
4540
4541
4542
4543
4544
11838
4546
4547
11835
4549
11833
11832
4552
4553
11829
4555
4556
4557
11825
11824
11823
11822
11821
11820
11819
4565
11817
11816
11815
11814
4570
11812
11811
4573
4574
4575
4576
11806
11805
11804
11803
11802
4582
4583
4584
4585
11797
4587
11795
4589
11793
4591
11791
11790
4594
11788
11787
4597
4598
11784
11783
11782
4602
11780
4604
4605
4606
4607
11775
11774
4610
4611
11771
11770
11769
11768
11767
4617
4618
4619
11763
4621
4622
11760
11759
11758
11757
11756
4628
11754
4630
11752
4632
11750
11749
11748
11747
4637
11745
11744
11743
11742
4642
4643
4644
4645
11737
4647
11735
4649
11733
4651
4652
11730
4654
4655
4656
4657
4658
4659
4660
11722
11721
4663
4664
4665
11717
4667
11715
4669
4670
4671
4672
11710
11709
4675
4676
11706
11705
11704
4680
11702
11701
11700
11699
11698
11697
11696
4688
4689
11693
11692
11691
4693
4694
4695
4696
4697
4698
4699
11683
4701
11681
11680
11679
11678
11677
11676
4708
4709
4710
11672
11671
4713
4714
4715
4716
11666
4718
11664
11663
4721
4722
11660
4724
11658
11657
11656
11655
11654
11653
11652
11651
11650
4734
4735
11647
4737
4738
4739
4740
11642
11641
4743
11639
4745
4746
4747
11635
11634
11633
4751
11631
4753
4754
11628
4756
11626
11625
11624
11623
11622
11621
4763
11619
11618
11617
11616
11615
4769
11613
4771
11611
4773
4774
4775
11607
11606
11605
4779
4780
11602
4782
11600
4784
4785
11597
4787
4788
11594
4790
4791
11591
4793
11589
11588
11587
11586
4798
4799
11583
11582
11581
11580
4804
11578
11577
11576
4808
4809
4810
4811
4812
4813
11569
4815
4816
11566
4818
4819
4820
4821
4822
11560
11559
4825
11557
4827
4828
11554
4830
11552
11551
4833
4834
11548
11547
4837
11545
4839
4840
11542
11541
4843
11539
11538
11537
4847
4848
11534
11533
11532
4852
11530
11529
4855
4856
4857
11525
11524
4860
11522
11521
4863
11519
4865
4866
11516
4868
4869
4870
4871
4872
4873
11509
11508
4876
11506
4878
4879
4880
4881
4882
4883
11499
4885
4886
4887
4888
4889
11493
11492
4892
11490
4894
4895
11487
4897
4898
11484
11483
11482
4902
4903
4904
11478
11477
11476
11475
11474
4910
4911
11471
11470
11469
4915
11467
4917
11465
11464
11463
11462
11461
4923
4924
11458
11457
4927
4928
4929
11453
11452
11451
11450
4934
4935
11447
11446
11445
4939
11443
4941
11441
11440
11439
4945
11437
11436
11435
11434
4950
11432
4952
4953
4954
11428
11427
11426
4958
4959
4960
11422
11421
11420
4964
4965
11417
4967
11415
11414
11413
11412
11411
11410
11409
4975
11407
11406
11405
4979
11403
11402
4982
11400
4984
4985
4986
4987
4988
4989
4990
11392
11391
11390
11389
4995
4996
11386
4998
4999
5000
5001
11381
5003
11379
5005
11377
5007
5008
11374
5010
5011
5012
11370
11369
5015
11367
5017
5018
11364
5020
11362
11361
11360
11359
11358
5026
11356
5028
5029
11353
5031
5032
5033
11349
11348
5036
5037
5038
11344
11343
5041
5042
5043
11339
11338
11337
11336
11335
5049
5050
5051
5052
5053
5054
11328
11327
11326
5058
11324
11323
11322
11321
11320
11319
5065
11317
5067
5068
11314
11313
5071
5072
5073
11309
5075
5076
11306
11305
5079
5080
11302
11301
11300
5084
11298
11297
11296
11295
5089
11293
5091
11291
5093
5094
5095
5096
11286
5098
5099
5100
11282
5102
5103
11279
11278
11277
11276
11275
11274
11273
11272
11271
5113
11269
5115
11267
5117
5118
11264
11263
5121
5122
5123
11259
5125
11257
5127
11255
5129
5130
11252
11251
11250
11249
11248
5136
5137
5138
11244
5140
5141
11241
5143
11239
5145
11237
11236
11235
11234
11233
11232
11231
11230
5154
11228
11227
5157
5158
5159
11223
11222
5162
5163
5164
5165
11217
5167
5168
5169
5170
11212
5172
5173
5174
5175
11207
5177
11205
11204
11203
5181
11201
11200
11199
11198
5186
5187
11195
5189
5190
5191
11191
5193
5194
5195
11187
11186
11185
5199
11183
5201
5202
11180
5204
5205
5206
5207
5208
11174
5210
5211
5212
11170
11169
11168
5216
5217
11165
11164
11163
11162
11161
5223
11159
5225
5226
5227
5228
5229
5230
5231
11151
5233
11149
5235
11147
5237
11145
11144
11143
11142
5242
5243
11139
5245
5246
11136
11135
5249
5250
11132
5252
5253
11129
5255
5256
5257
11125
5259
5260
11122
11121
11120
11119
5265
5266
5267
11115
5269
5270
5271
11111
11110
11109
11108
11107
5277
11105
11104
5280
5281
5282
5283
11099
11098
11097
11096
5288
5289
11093
11092
5292
11090
5294
5295
5296
5297
11085
11084
5300
5301
5302
11080
5304
11078
5306
11076
5308
11074
11073
5311
11071
11070
5314
5315
11067
11066
5318
11064
5320
11062
11061
11060
11059
11058
11057
11056
5328
11054
5330
11052
5332
5333
5334
11048
5336
5337
11045
11044
5340
5341
5342
5343
5344
11038
5346
5347
5348
5349
11033
5351
5352
11030
5354
5355
5356
5357
5358
11024
11023
11022
11021
5363
11019
5365
5366
11016
11015
11014
11013
5371
5372
11010
5374
5375
11007
5377
5378
11004
11003
5381
5382
11000
10999
10998
5386
10996
5388
5389
10993
10992
10991
10990
10989
5395
5396
5397
5398
5399
10983
10982
10981
5403
5404
10978
10977
10976
10975
5409
10973
10972
10971
5413
5414
5415
10967
10966
5418
10964
10963
5421
10961
5423
5424
5425
10957
5427
10955
10954
10953
10952
10951
10950
10949
5435
5436
5437
5438
10944
5440
10942
10941
10940
10939
5445
10937
5447
10935
5449
10933
5451
5452
10930
5454
5455
10927
5457
5458
10924
5460
10922
5462
10920
10919
10918
5466
5467
5468
5469
5470
10912
10911
10910
5474
10908
5476
5477
10905
5479
5480
10902
10901
5483
5484
10898
5486
10896
5488
5489
10893
5491
10891
10890
10889
5495
10887
10886
10885
5499
10883
10882
10881
10880
5504
10878
10877
10876
10875
10874
10873
5511
10871
5513
5514
5515
5516
10866
10865
5519
5520
10862
10861
5523
5524
10858
10857
5527
10855
10854
10853
5531
5532
5533
10849
10848
5536
10846
5538
5539
5540
10842
5542
5543
10839
10838
5546
10836
5548
5549
5550
10832
10831
10830
5554
10828
5556
10826
10825
5559
10823
10822
5562
10820
10819
10818
5566
5567
10815
10814
5570
5571
5572
5573
5574
5575
5576
5577
5578
10804
10803
10802
5582
5583
10799
10798
5586
5587
5588
10794
10793
10792
5592
5593
5594
5595
10787
10786
5598
5599
5600
5601
5602
5603
10779
10778
5606
5607
5608
5609
5610
5611
10771
5613
10769
10768
10767
5617
10765
5619
5620
5621
5622
10760
5624
10758
5626
5627
5628
5629
5630
10752
5632
10750
10749
5635
10747
10746
5638
5639
5640
5641
10741
5643
5644
10738
10737
10736
5648
5649
10733
10732
10731
5653
10729
10728
10727
10726
5658
10724
10723
5661
10721
5663
10719
10718
10717
10716
5668
5669
10713
5671
10711
5673
5674
10708
5676
5677
10705
5679
10703
10702
5682
10700
10699
5685
5686
5687
10695
10694
5690
5691
10691
10690
5694
5695
5696
5697
5698
5699
10683
5701
10681
10680
10679
5705
5706
5707
10675
5709
5710
10672
5712
10670
10669
10668
10667
5717
10665
10664
10663
5721
5722
10660
10659
5725
5726
10656
10655
5729
5730
10652
5732
5733
10649
10648
5736
5737
5738
10644
10643
5741
10641
5743
10639
10638
5746
10636
5748
5749
5750
10632
10631
5753
10629
10628
5756
5757
5758
10624
10623
5761
10621
10620
10619
10618
10617
10616
5768
10614
10613
10612
5772
5773
5774
10608
5776
5777
10605
5779
10603
5781
10601
10600
5784
10598
10597
10596
10595
10594
5790
10592
10591
5793
10589
10588
5796
10586
5798
5799
5800
5801
5802
10580
5804
10578
5806
5807
5808
5809
5810
10572
5812
10570
5814
5815
5816
10566
5818
10564
5820
10562
10561
10560
5824
5825
10557
10556
5828
5829
5830
10552
10551
5833
10549
5835
5836
5837
5838
5839
10543
5841
5842
5843
10539
5845
10537
10536
5848
10534
10533
5851
5852
10530
10529
10528
10527
5857
10525
5859
5860
10522
10521
5863
10519
5865
5866
5867
5868
5869
5870
10512
10511
10510
5874
10508
5876
10506
5878
10504
10503
10502
5882
5883
10499
10498
10497
10496
5888
5889
5890
5891
5892
10490
10489
5895
10487
10486
10485
10484
10483
5901
5902
5903
10479
10478
5906
10476
10475
10474
5910
5911
5912
10470
5914
10468
10467
5917
10465
5919
10463
10462
10461
5923
10459
5925
5926
5927
10455
5929
10453
5931
10451
5933
10449
5935
5936
5937
5938
5939
5940
5941
5942
10440
10439
10438
10437
5947
10435
10434
10433
10432
5952
10430
5954
5955
10427
5957
10425
5959
10423
5961
5962
10420
5964
5965
5966
5967
5968
10414
5970
10412
10411
10410
10409
5975
10407
10406
5978
5979
10403
10402
5982
5983
10399
5985
10397
10396
5988
5989
5990
10392
10391
5993
5994
10388
10387
5997
5998
10384
6000
10382
6002
10380
6004
10378
6006
6007
10375
10374
6010
6011
10371
6013
6014
6015
10367
6017
6018
6019
10363
10362
10361
10360
10359
10358
10357
10356
10355
6029
10353
10352
6032
10350
6034
10348
6036
10346
10345
10344
10343
6041
6042
6043
10339
6045
6046
6047
6048
10334
6050
10332
6052
6053
6054
6055
10327
6057
6058
6059
6060
6061
10321
6063
10319
6065
10317
10316
10315
10314
10313
10312
6072
6073
6074
6075
10307
10306
10305
6079
10303
10302
10301
6083
10299
6085
6086
6087
10295
10294
10293
10292
10291
6093
6094
10288
6096
10286
10285
6099
10283
10282
10281
10280
10279
10278
10277
10276
10275
10274
6110
6111
10271
6113
10269
6115
10267
6117
6118
10264
6120
10262
6122
10260
10259
6125
10257
6127
10255
10254
10253
6131
10251
10250
10249
6135
10247
10246
6138
6139
6140
6141
10241
10240
10239
6145
6146
6147
10235
10234
6150
10232
10231
10230
10229
10228
6156
6157
6158
10224
6160
10222
6162
10220
10219
6165
6166
10216
6168
10214
10213
10212
10211
10210
6174
6175
10207
6177
6178
10204
10203
6181
10201
6183
10199
6185
10197
10196
6188
6189
6190
10192
6192
6193
10189
10188
6196
10186
10185
10184
6200
10182
6202
6203
10179
6205
6206
10176
6208
6209
6210
10172
10171
10170
6214
10168
10167
10166
6218
10164
6220
6221
6222
6223
6224
10158
6226
6227
6228
10154
6230
6231
6232
6233
10149
6235
6236
10146
6238
10144
10143
10142
10141
10140
6244
6245
10137
6247
6248
10134
6250
10132
10131
10130
10129
6255
6256
6257
6258
10124
6260
6261
10121
10120
6264
6265
6266
6267
6268
6269
6270
10112
10111
6273
10109
10108
10107
6277
6278
6279
10103
10102
10101
10100
6284
10098
10097
6287
6288
10094
6290
6291
10091
6293
10089
6295
10087
10086
10085
10084
10083
6301
6302
10080
10079
6305
6306
10076
6308
6309
10073
10072
6312
10070
10069
6315
6316
10066
10065
10064
6320
10062
10061
6323
6324
6325
10057
6327
10055
6329
10053
10052
10051
10050
6334
10048
10047
10046
6338
10044
10043
10042
6342
10040
6344
10038
10037
6347
10035
6349
10033
6351
6352
10030
10029
6355
6356
10026
6358
6359
10023
10022
6362
10020
10019
10018
10017
6367
6368
6369
10013
6371
6372
6373
10009
6375
6376
6377
6378
6379
10003
6381
10001
10000
6384
6385
6386
9996
6388
9994
9993
9992
9991
9990
9989
9988
6396
9986
9985
6399
6400
9982
9981
9980
9979
9978
9977
6407
9975
6409
6410
9972
6412
9970
9969
6415
6416
6417
9965
6419
6420
9962
6422
9960
9959
6425
9957
6427
9955
6429
9953
6431
6432
6433
6434
9948
9947
6437
6438
6439
9943
9942
9941
6443
9939
9938
6446
9936
6448
6449
6450
6451
9931
6453
9929
6455
9927
6457
6458
9924
9923
9922
9921
9920
6464
9918
6466
6467
9915
6469
9913
6471
6472
6473
9909
6475
6476
6477
6478
6479
9903
6481
9901
6483
9899
9898
6486
9896
9895
6489
9893
6491
6492
9890
6494
9888
6496
6497
9885
6499
6500
6501
6502
6503
6504
9878
9877
6507
6508
9874
9873
9872
9871
6513
9869
9868
6516
9866
6518
9864
6520
9862
6522
9860
9859
6525
6526
9856
9855
9854
9853
6531
6532
9850
6534
9848
9847
9846
9845
6539
6540
9842
6542
9840
9839
9838
6546
6547
9835
9834
9833
6551
6552
6553
9829
6555
9827
6557
6558
9824
6560
9822
6562
6563
6564
9818
9817
9816
6568
6569
6570
6571
6572
6573
6574
6575
6576
9806
9805
6579
6580
6581
9801
6583
9799
9798
6586
6587
9795
9794
9793
6591
9791
9790
9789
9788
6596
6597
6598
6599
6600
6601
9781
9780
6604
9778
9777
9776
6608
6609
9773
6611
9771
6613
6614
6615
9767
6617
9765
9764
6620
6621
9761
6623
9759
6625
6626
9756
6628
6629
6630
6631
9751
9750
6634
9748
9747
9746
9745
9744
6640
6641
9741
6643
9739
6645
9737
9736
9735
9734
9733
9732
9731
6653
9729
6655
9727
6657
9725
9724
6660
9722
9721
9720
9719
9718
9717
6667
9715
6669
9713
6671
9711
9710
9709
6675
6676
9706
6678
9704
6680
9702
6682
6683
9699
9698
9697
9696
6688
9694
6690
6691
9691
6693
9689
9688
9687
9686
6698
9684
9683
9682
6702
9680
9679
9678
9677
9676
6708
6709
9673
6711
6712
6713
9669
9668
6716
9666
6718
9664
6720
9662
9661
6723
9659
6725
6726
9656
9655
9654
9653
6731
9651
6733
9649
6735
6736
9646
9645
6739
6740
6741
6742
9640
6744
6745
9637
6747
6748
9634
6750
9632
6752
9630
6754
6755
6756
9626
6758
9624
6760
9622
9621
9620
9619
6765
9617
9616
6768
9614
6770
9612
9611
9610
6774
9608
6776
6777
6778
9604
6780
6781
9601
6783
6784
9598
6786
9596
9595
6789
9593
6791
9591
6793
9589
9588
9587
6797
9585
9584
9583
9582
9581
6803
6804
9578
6806
9576
9575
9574
6810
9572
6812
6813
6814
6815
6816
9566
6818
6819
6820
9562
6822
9560
6824
6825
9557
9556
6828
6829
6830
6831
6832
9550
6834
6835
9547
9546
9545
6839
9543
9542
6842
6843
6844
9538
6846
9536
9535
6849
9533
6851
9531
9530
6854
9528
9527
9526
9525
9524
9523
9522
6862
9520
6864
6865
9517
6867
9515
9514
9513
9512
9511
6873
9509
9508
9507
6877
9505
9504
6880
6881
6882
6883
9499
6885
6886
9496
6888
6889
6890
9492
9491
9490
9489
9488
6896
9486
9485
9484
6900
9482
9481
6903
6904
9478
6906
6907
6908
6909
9473
9472
6912
9470
9469
6915
6916
9466
9465
9464
9463
9462
6922
6923
6924
6925
9457
6927
6928
6929
9453
6931
9451
9450
6934
9448
6936
9446
9445
9444
6940
9442
6942
6943
6944
9438
6946
6947
9435
6949
6950
9432
6952
6953
6954
9428
6956
9426
6958
9424
6960
9422
6962
6963
9419
6965
9417
6967
9415
6969
9413
6971
6972
9410
6974
9408
9407
9406
6978
6979
6980
9402
6982
9400
9399
6985
9397
9396
9395
9394
6990
9392
9391
6993
9389
9388
6996
6997
9385
6999
7000
9382
9381
9380
7004
9378
9377
7007
9375
7009
7010
7011
9371
9370
9369
7015
9367
9366
7018
7019
7020
7021
9361
9360
7024
7025
7026
9356
7028
7029
7030
7031
7032
9350
9349
7035
9347
9346
7038
9344
7040
7041
9341
7043
9339
9338
9337
9336
9335
9334
7050
7051
7052
7053
9329
7055
9327
9326
7058
7059
9323
7061
9321
9320
7064
7065
9317
7067
9315
7069
9313
9312
7072
7073
7074
7075
9307
7077
7078
7079
7080
7081
7082
9300
7084
7085
9297
9296
9295
9294
7090
9292
9291
9290
7094
9288
9287
7097
9285
7099
9283
7101
9281
7103
7104
9278
7106
9276
9275
7109
7110
9272
7112
7113
7114
9268
7116
9266
9265
7119
9263
7121
7122
9260
9259
7125
9257
7127
7128
9254
7130
7131
7132
7133
9249
7135
7136
9246
9245
7139
7140
7141
9241
9240
7144
9238
9237
7147
7148
9234
7150
7151
9231
9230
7154
7155
7156
7157
9225
7159
7160
7161
9221
7163
7164
9218
7166
9216
9215
9214
9213
9212
7172
9210
7174
9208
9207
9206
9205
7179
7180
9202
7182
7183
9199
7185
7186
7187
7188
9194
9193
9192
7192
7193
9189
7195
7196
9186
9185
9184
7200
7201
7202
9180
9179
9178
9177
9176
7208
9174
9173
7211
9171
9170
7214
9168
7216
9166
7218
9164
7220
9162
7222
7223
9159
9158
9157
7227
7228
9154
7230
9152
9151
9150
9149
7235
9147
9146
9145
7239
9143
7241
9141
9140
7244
9138
9137
7247
9135
9134
7250
9132
7252
7253
7254
7255
9127
9126
7258
7259
9123
9122
7262
9120
7264
7265
9117
7267
9115
9114
9113
7271
9111
9110
9109
7275
7276
7277
7278
9104
7280
9102
9101
9100
9099
9098
7286
9096
9095
7289
9093
7291
9091
7293
7294
9088
9087
7297
9085
7299
9083
7301
7302
9080
9079
7305
9077
9076
9075
7309
9073
7311
7312
7313
7314
7315
9067
7317
7318
7319
9063
9062
7322
9060
9059
9058
7326
7327
7328
9054
7330
9052
7332
9050
9049
9048
9047
7337
7338
9044
9043
7341
9041
9040
9039
9038
7346
7347
9035
7349
9033
9032
7352
7353
9029
7355
9027
9026
9025
7359
7360
7361
9021
7363
7364
7365
9017
9016
7368
7369
7370
7371
7372
7373
9009
9008
9007
9006
9005
9004
7380
9002
9001
9000
7384
8998
8997
8996
7388
8994
8993
7391
7392
7393
8989
8988
8987
8986
8985
7399
8983
8982
8981
7403
7404
7405
7406
8976
7408
8974
8973
7411
7412
8970
8969
7415
7416
7417
8965
7419
8963
7421
7422
7423
8959
7425
8957
8956
8955
8954
8953
7431
7432
8950
7434
7435
7436
8946
8945
8944
8943
7441
8941
8940
8939
8938
8937
7447
7448
7449
8933
7451
8931
7453
8929
8928
7456
8926
8925
8924
8923
7461
8921
7463
7464
8918
7466
7467
7468
8914
8913
8912
7472
8910
8909
8908
7476
7477
7478
7479
7480
7481
8901
8900
8899
8898
7486
7487
7488
8894
8893
8892
8891
7493
8889
8888
8887
8886
7498
7499
7500
7501
8881
8880
7504
8878
8877
8876
8875
7509
7510
7511
8871
8870
8869
7515
8867
8866
8865
7519
7520
7521
8861
7523
8859
8858
7526
8856
8855
8854
7530
7531
7532
8850
8849
7535
8847
8846
8845
7539
7540
8842
7542
7543
7544
7545
7546
7547
7548
7549
8833
7551
7552
7553
8829
7555
8827
7557
8825
8824
8823
8822
7562
7563
7564
7565
7566
7567
7568
8814
7570
8812
8811
7573
8809
7575
7576
7577
7578
7579
8803
8802
8801
8800
8799
7585
8797
7587
7588
7589
8793
8792
8791
8790
7594
8788
7596
8786
7598
8784
8783
7601
7602
7603
7604
8778
8777
8776
8775
7609
7610
8772
8771
8770
7614
7615
8767
7617
8765
8764
7620
8762
8761
7623
7624
7625
7626
7627
7628
8754
8753
8752
8751
7633
8749
7635
7636
7637
8745
7639
8743
8742
8741
7643
7644
8738
8737
8736
8735
7649
7650
7651
8731
8730
7654
8728
7656
7657
8725
8724
7660
7661
8721
8720
8719
7665
8717
7667
8715
7669
7670
7671
8711
8710
7674
7675
7676
7677
8705
7679
8703
8702
7682
7683
7684
8698
8697
8696
7688
7689
7690
8692
8691
8690
7694
8688
8687
7697
7698
8684
7700
8682
8681
7703
7704
7705
7706
8676
8675
7709
8673
8672
7712
8670
8669
7715
8667
8666
7718
7719
8663
7721
7722
7723
7724
7725
7726
7727
8655
7729
8653
7731
7732
8650
7734
7735
7736
7737
7738
7739
7740
7741
7742
7743
8639
8638
8637
8636
8635
7749
8633
7751
7752
7753
7754
8628
7756
7757
8625
8624
7760
8622
7762
7763
8619
8618
7766
7767
8615
7769
8613
7771
8611
7773
8609
8608
8607
7777
8605
7779
7780
8602
8601
8600
8599
8598
8597
7787
7788
7789
7790
8592
7792
7793
8589
7795
8587
7797
8585
7799
8583
8582
8581
7803
7804
7805
7806
7807
7808
7809
8573
7811
7812
8570
8569
8568
7816
7817
7818
8564
7820
7821
7822
7823
8559
8558
7826
8556
7828
8554
8553
8552
8551
8550
8549
8548
7836
8546
7838
8544
8543
8542
7842
7843
7844
8538
7846
7847
7848
7849
8533
7851
8531
8530
7854
7855
8527
8526
8525
8524
8523
8522
7862
7863
7864
7865
8517
8516
8515
8514
8513
7871
7872
8510
7874
7875
8507
8506
7878
7879
8503
7881
7882
7883
7884
7885
7886
8496
8495
7889
8493
8492
7892
7893
7894
8488
7896
7897
7898
8484
8483
7901
7902
8480
7904
8478
8477
7907
7908
7909
7910
8472
8471
8470
8469
8468
8467
8466
8465
7919
7920
8462
7922
7923
8459
8458
8457
8456
7928
7929
7930
8452
7932
8450
8449
7935
7936
8446
8445
7939
8443
8442
7942
8440
8439
7945
8437
7947
7948
7949
7950
7951
8431
8430
7954
7955
7956
7957
8425
7959
7960
7961
8421
8420
8419
8418
8417
7967
8415
8414
7970
8412
7972
7973
8409
7975
8407
8406
7978
8404
7980
8402
8401
8400
8399
8398
8397
7987
8395
8394
7990
7991
8391
8390
7994
7995
8387
7997
7998
8384
8000
8001
8002
8380
8004
8378
8377
8376
8375
8374
8010
8011
8371
8013
8369
8015
8367
8366
8365
8364
8363
8021
8022
8360
8024
8025
8357
8027
8355
8354
8030
8031
8351
8350
8034
8348
8036
8346
8038
8039
8343
8041
8341
8340
8044
8045
8046
8336
8335
8334
8333
8051
8052
8053
8329
8328
8056
8057
8058
8059
8060
8061
8321
8063
8319
8318
8317
8067
8315
8069
8313
8312
8072
8073
8309
8308
8307
8306
8305
8079
8080
8081
8082
8083
8299
8298
8297
8087
8088
8089
8293
8091
8092
8093
8094
8095
8287
8097
8098
8099
8283
8282
8281
8280
8279
8105
8277
8276
8275
8109
8273
8272
8112
8270
8114
8268
8116
8117
8265
8119
8120
8262
8261
8260
8124
8258
8257
8127
8255
8254
8130
8131
8251
8250
8134
8135
8247
8137
8138
8139
8243
8141
8142
8240
8239
8145
8237
8236
8148
8149
8150
8232
8231
8153
8229
8155
8227
8157
8225
8159
8223
8161
8162
8163
8164
8218
8166
8167
8168
8214
8170
8212
8172
8210
8209
8175
8207
8177
8205
8179
8203
8202
8201
8183
8199
8198
8186
8187
8188
8194
8193
8191
8191
8193
8194
8188
8187
8197
8198
8184
8183
8182
8202
8180
8179
8178
8206
8207
8175
8174
8173
8172
8212
8170
8214
8215
8216
8217
8218
8164
8163
8162
8222
8160
8224
8158
8226
8227
8155
8229
8153
8231
8232
8233
8149
8148
8236
8146
8238
8144
8240
8142
8242
8140
8244
8138
8246
8247
8248
8249
8133
8132
8252
8253
8129
8128
8256
8257
8258
8124
8260
8261
8262
8263
8119
8265
8266
8267
8268
8114
8113
8112
8111
8273
8109
8275
8276
8106
8105
8279
8103
8102
8282
8100
8284
8285
8286
8096
8095
8289
8290
8291
8091
8090
8294
8295
8296
8086
8085
8084
8083
8082
8081
8303
8304
8078
8077
8307
8308
8309
8073
8311
8312
8313
8314
8315
8067
8317
8065
8064
8063
8321
8061
8323
8324
8325
8326
8056
8328
8329
8053
8052
8332
8050
8334
8335
8047
8337
8045
8339
8043
8341
8342
8040
8344
8038
8037
8347
8035
8349
8350
8032
8031
8030
8029
8355
8356
8026
8025
8024
8023
8022
8362
8363
8364
8365
8366
8016
8015
8369
8370
8371
8372
8373
8009
8375
8376
8006
8378
8004
8003
8381
8382
8000
8384
8385
8386
7996
7995
8389
7993
7992
8392
8393
8394
8395
8396
8397
7985
7984
8400
8401
8402
8403
8404
8405
7977
7976
7975
7974
7973
7972
8412
8413
8414
7968
7967
8417
7965
8419
7963
8421
7961
7960
7959
7958
7957
7956
8428
7954
8430
7952
7951
7950
8434
7948
8436
7946
7945
7944
8440
8441
8442
7940
8444
8445
8446
8447
7935
7934
8450
7932
8452
8453
7929
8455
8456
8457
7925
8459
8460
7922
8462
7920
7919
7918
8466
7916
8468
7914
8470
7912
8472
8473
7909
8475
7907
8477
8478
8479
8480
8481
8482
8483
8484
7898
7897
8487
7895
7894
8490
8491
8492
7890
8494
7888
7887
8497
7885
7884
8500
8501
8502
8503
7879
8505
7877
7876
7875
8509
8510
8511
7871
8513
7869
7868
8516
8517
7865
7864
8520
7862
7861
8523
7859
8525
7857
8527
7855
7854
7853
8531
7851
7850
7849
7848
7847
8537
8538
8539
8540
7842
7841
8543
8544
7838
8546
7836
8548
8549
7833
7832
7831
8553
7829
7828
7827
7826
8558
8559
7823
8561
7821
7820
8564
7818
7817
8567
8568
8569
8570
7812
8572
7810
7809
8575
8576
7806
8578
8579
7803
7802
7801
8583
8584
7798
7797
8587
8588
7794
7793
7792
7791
7790
7789
7788
7787
8597
7785
7784
8600
7782
7781
8603
7779
8605
8606
8607
7775
8609
7773
7772
7771
8613
8614
8615
7767
8617
8618
8619
7763
7762
8622
8623
8624
8625
8626
8627
8628
8629
7753
7752
7751
7750
8634
7748
8636
7746
7745
7744
7743
7742
8642
7740
8644
8645
8646
8647
8648
8649
8650
8651
8652
8653
7729
7728
8656
8657
7725
7724
8660
7722
8662
7720
8664
7718
8666
7716
8668
7714
7713
8671
8672
8673
8674
7708
7707
7706
7705
7704
7703
7702
7701
7700
7699
7698
8686
8687
7695
8689
8690
8691
8692
8693
8694
8695
7687
7686
8698
8699
7683
8701
8702
7680
8704
7678
8706
8707
8708
7674
7673
7672
7671
8713
7669
8715
8716
7666
7665
7664
7663
7662
8722
8723
8724
8725
7657
8727
8728
7654
7653
8731
8732
8733
7649
7648
8736
8737
7645
7644
7643
7642
7641
7640
8744
7638
8746
7636
7635
8749
7633
7632
8752
8753
8754
8755
8756
8757
7625
7624
7623
7622
7621
7620
8764
8765
8766
7616
7615
7614
8770
8771
7611
7610
7609
8775
8776
8777
7605
8779
7603
8781
7601
7600
8784
7598
7597
8787
7595
8789
8790
8791
7591
7590
8794
7588
8796
8797
7585
7584
8800
8801
7581
8803
8804
7578
8806
8807
7575
7574
8810
7572
8812
7570
7569
7568
7567
8817
7565
8819
8820
7562
7561
7560
8824
7558
8826
7556
7555
8829
7553
7552
7551
8833
7549
7548
7547
7546
8838
8839
8840
7542
7541
8843
7539
7538
8846
8847
8848
7534
7533
7532
7531
7530
7529
8855
8856
8857
8858
8859
7523
8861
8862
8863
7519
8865
8866
7516
8868
8869
8870
8871
8872
8873
8874
7508
7507
8877
7505
7504
8880
7502
7501
8883
8884
8885
7497
7496
7495
8889
7493
8891
7491
7490
8894
8895
7487
8897
7485
7484
7483
8901
7481
8903
7479
8905
8906
7476
7475
8909
7473
7472
8912
8913
8914
8915
7467
7466
7465
7464
8920
7462
7461
8923
7459
8925
8926
7456
8928
8929
7453
7452
8932
7450
8934
7448
8936
8937
8938
7444
7443
7442
8942
7440
7439
7438
8946
7436
7435
8949
7433
8951
8952
8953
7429
7428
7427
8957
8958
8959
8960
7422
7421
7420
7419
7418
8966
8967
8968
7414
8970
8971
7411
8973
8974
7408
7407
8977
7405
8979
8980
7402
8982
8983
8984
7398
8986
8987
7395
7394
8990
8991
8992
7390
7389
7388
8996
7386
7385
7384
9000
7382
7381
9003
9004
9005
7377
9007
9008
9009
7373
7372
9012
9013
9014
9015
9016
9017
7365
7364
9020
9021
9022
7360
9024
7358
9026
7356
9028
7354
9030
9031
9032
9033
7349
7348
9036
7346
9038
7344
9040
9041
9042
9043
7339
7338
9046
9047
7335
9049
9050
9051
7331
7330
7329
9055
9056
7326
7325
9059
9060
7322
9062
9063
7319
7318
7317
7316
7315
7314
9070
7312
7311
9073
7309
7308
9076
7306
9078
9079
9080
9081
7301
9083
9084
7298
9086
9087
7295
9089
7293
9091
9092
7290
9094
7288
7287
7286
9098
7284
9100
7282
7281
7280
7279
7278
9106
9107
7275
9109
7273
9111
7271
7270
7269
9115
9116
7266
7265
7264
7263
7262
7261
9123
7259
7258
9126
7256
7255
9129
7253
7252
7251
9133
7249
7248
9136
7246
7245
9139
7243
9141
9142
9143
9144
7238
7237
7236
9148
7234
9150
7232
9152
9153
9154
9155
9156
9157
9158
7224
9160
9161
7221
7220
7219
7218
9166
9167
7215
7214
7213
7212
7211
7210
9174
9175
7207
9177
7205
9179
9180
9181
7201
9183
7199
9185
9186
7196
9188
9189
9190
9191
7191
9193
7189
7188
9196
7186
9198
7184
7183
9201
9202
7180
7179
7178
7177
7176
9208
9209
9210
7172
9212
9213
7169
7168
9216
9217
9218
9219
7163
9221
9222
9223
7159
7158
9226
7156
9228
9229
7153
9231
7151
7150
7149
7148
7147
7146
7145
9239
7143
9241
9242
9243
9244
9245
9246
9247
9248
9249
9250
7132
7131
9253
7129
7128
7127
7126
9258
9259
9260
7122
9262
9263
7119
9265
9266
7116
9268
9269
9270
7112
7111
7110
9274
7108
7107
7106
9278
9279
9280
9281
9282
7100
7099
9285
7097
9287
7095
7094
9290
9291
9292
7090
9294
9295
7087
7086
9298
7084
9300
9301
9302
7080
7079
9305
7077
7076
9308
7074
7073
7072
7071
9313
9314
9315
7067
7066
7065
7064
7063
9321
9322
9323
9324
9325
9326
7056
7055
9329
7053
9331
9332
7050
7049
7048
9336
7046
9338
9339
7043
7042
9342
9343
9344
7038
9346
9347
9348
9349
7033
7032
9352
7030
7029
7028
9356
7026
9358
9359
7023
9361
9362
7020
7019
9365
9366
9367
7015
7014
7013
7012
7011
7010
9374
9375
9376
7006
7005
9379
9380
7002
9382
9383
6999
6998
9386
9387
6995
6994
9390
6992
6991
6990
9394
9395
6987
9397
9398
9399
6983
6982
6981
9403
6979
9405
9406
6976
9408
6974
6973
6972
9412
9413
6969
9415
9416
6966
9418
6964
9420
9421
9422
6960
6959
6958
6957
6956
9428
9429
9430
9431
9432
9433
6949
9435
6947
9437
6945
6944
6943
9441
6941
9443
9444
6938
9446
6936
6935
9449
6933
6932
6931
9453
9454
6928
6927
6926
6925
6924
6923
9461
9462
6920
9464
9465
6917
6916
6915
9469
9470
9471
6911
6910
9474
9475
6907
9477
6905
6904
6903
9481
9482
9483
6899
6898
9486
9487
6895
9489
6893
9491
9492
6890
9494
9495
6887
6886
9498
9499
6883
9501
9502
6880
6879
6878
9506
6876
6875
6874
9510
9511
9512
6870
6869
9515
6867
6866
9518
9519
6863
6862
9522
6860
6859
9525
9526
9527
6855
6854
9530
6852
6851
6850
6849
6848
6847
6846
9538
9539
6843
9541
9542
6840
9544
9545
6837
9547
6835
9549
6833
6832
6831
6830
6829
6828
9556
9557
6825
9559
6823
9561
6821
6820
6819
6818
6817
9567
9568
9569
6813
6812
6811
9573
9574
9575
9576
6806
6805
6804
6803
6802
6801
9583
6799
9585
9586
6796
9588
6794
9590
9591
6791
6790
9594
9595
6787
6786
9598
9599
9600
6782
9602
6780
9604
6778
6777
9607
9608
9609
9610
9611
9612
6770
6769
6768
9616
6766
6765
9619
9620
9621
6761
9623
9624
9625
9626
9627
6755
9629
6753
9631
6751
6750
9634
6748
6747
6746
6745
6744
9640
6742
9642
9643
9644
9645
6737
9647
6735
9649
9650
6732
9652
6730
9654
9655
9656
6726
9658
6724
6723
9661
6721
6720
9664
6718
9666
6716
6715
6714
6713
6712
6711
6710
9674
6708
6707
6706
6705
9679
6703
6702
9682
6700
6699
9685
6697
6696
6695
6694
9690
6692
6691
6690
9694
9695
6687
6686
9698
6684
9700
6682
9702
6680
6679
6678
9706
6676
6675
6674
6673
6672
9712
6670
9714
9715
6667
9717
6665
9719
6663
6662
9722
6660
9724
9725
9726
9727
9728
9729
6653
6652
6651
6650
6649
6648
9736
6646
6645
6644
6643
9741
6641
9743
6639
6638
6637
9747
9748
9749
6633
6632
6631
9753
6629
9755
9756
6626
9758
9759
6623
9761
9762
6620
6619
6618
6617
6616
9768
6614
9770
6612
9772
9773
9774
9775
9776
6606
9778
9779
9780
9781
9782
9783
6599
6598
9786
9787
9788
9789
9790
6592
9792
9793
6589
9795
6587
9797
6585
9799
9800
6582
9802
9803
6579
9805
9806
6576
9808
9809
9810
9811
6571
9813
6569
9815
9816
9817
6565
6564
6563
6562
9822
6560
6559
9825
9826
9827
6555
9829
6553
9831
9832
6550
9834
6548
6547
6546
6545
9839
9840
6542
6541
9843
6539
9845
9846
6536
6535
9849
6533
9851
6531
9853
9854
9855
6527
9857
6525
9859
9860
6522
9862
9863
9864
6518
6517
9867
6515
6514
6513
6512
6511
9873
9874
9875
9876
9877
6505
9879
9880
6502
6501
6500
9884
9885
6497
9887
6495
6494
6493
6492
9892
6490
9894
9895
6487
9897
9898
6484
9900
6482
9902
9903
9904
9905
9906
6476
6475
6474
9910
9911
9912
9913
9914
9915
6467
6466
6465
9919
9920
9921
9922
6460
6459
9925
6457
9927
9928
9929
9930
6452
6451
6450
6449
9935
6447
9937
9938
6444
9940
6442
6441
6440
9944
6438
9946
6436
9948
6434
6433
9951
6431
9953
9954
9955
9956
6426
6425
6424
6423
9961
6421
9963
9964
9965
6417
6416
9968
6414
6413
6412
6411
6410
6409
9975
9976
9977
6405
9979
6403
6402
9982
9983
6399
9985
9986
9987
6395
6394
9990
9991
6391
9993
6389
6388
9996
6386
6385
9999
6383
6382
10002
6380
10004
6378
6377
10007
6375
10009
10010
6372
10012
10013
10014
10015
10016
10017
6365
10019
6363
6362
10022
10023
6359
10025
6357
10027
6355
6354
6353
10031
10032
6350
10034
6348
6347
6346
6345
10039
6343
10041
6341
10043
10044
10045
10046
6336
6335
6334
10050
10051
10052
6330
6329
10055
6327
10057
6325
10059
10060
10061
10062
6320
6319
10065
6317
10067
10068
6314
10070
10071
10072
6310
10074
6308
6307
10077
6305
10079
10080
6302
10082
6300
10084
10085
10086
6296
6295
10089
10090
10091
6291
10093
6289
6288
10096
10097
10098
10099
6283
6282
10102
6280
10104
10105
6277
10107
10108
6274
10110
10111
10112
6270
6269
6268
10116
10117
10118
6264
10120
6262
10122
6260
6259
6258
6257
10127
6255
10129
10130
6252
10132
10133
6249
10135
10136
10137
10138
6244
6243
6242
10142
10143
6239
6238
10146
6236
10148
10149
6233
10151
6231
6230
10154
6228
10156
6226
10158
6224
6223
10161
6221
6220
10164
10165
6217
6216
6215
6214
6213
10171
10172
6210
10174
10175
6207
10177
6205
10179
10180
10181
6201
10183
10184
10185
6197
6196
10188
10189
10190
6192
6191
6190
10194
10195
10196
6186
10198
10199
6183
6182
10202
10203
6179
10205
10206
10207
6175
10209
6173
6172
10212
10213
6169
10215
10216
10217
6165
10219
10220
6162
6161
6160
6159
6158
6157
6156
6155
10229
6153
10231
10232
10233
10234
10235
10236
10237
10238
6144
6143
10241
6141
10243
10244
6138
6137
10247
6135
6134
10250
10251
6131
6130
10254
6128
6127
10257
10258
10259
6123
10261
6121
6120
10264
6118
6117
10267
10268
6114
6113
6112
10272
6110
6109
10275
6107
10277
10278
6104
10280
6102
10282
10283
10284
6098
6097
10287
10288
6094
6093
6092
6091
10293
10294
10295
10296
10297
10298
6084
10300
10301
6081
6080
10304
6078
10306
10307
6075
10309
6073
6072
6071
6070
6069
10315
6067
10317
10318
6064
6063
10321
10322
10323
6059
10325
10326
6056
10328
10329
6053
6052
10332
10333
10334
6048
10336
10337
6045
10339
6043
6042
10342
10343
10344
10345
10346
6036
6035
10349
10350
10351
10352
6030
10354
10355
10356
10357
10358
10359
6023
10361
6021
10363
6019
6018
10366
10367
6015
6014
6013
6012
6011
10373
10374
6008
10376
10377
6005
10379
6003
6002
10382
10383
5999
10385
5997
5996
5995
10389
5993
10391
10392
10393
10394
5988
10396
10397
10398
10399
10400
5982
5981
10403
10404
10405
5977
10407
10408
5974
10410
5972
10412
10413
5969
10415
5967
10417
10418
5964
10420
10421
5961
5960
5959
5958
10426
10427
10428
10429
5953
10431
5951
5950
10434
5948
10436
5946
10438
10439
5943
10441
5941
10443
10444
10445
10446
10447
5935
10449
10450
10451
10452
5930
5929
10455
10456
10457
10458
5924
5923
10461
10462
10463
5919
10465
10466
10467
10468
5914
5913
10471
10472
5910
5909
10475
10476
5906
5905
5904
10480
10481
5901
10483
10484
10485
5897
5896
5895
5894
10490
10491
10492
5890
5889
5888
10496
10497
5885
5884
5883
10501
10502
10503
5879
10505
5877
5876
5875
5874
10510
5872
10512
10513
10514
10515
5867
10517
5865
10519
5863
10521
5861
5860
10524
5858
10526
10527
10528
5854
5853
10531
10532
5850
10534
10535
5847
10537
10538
10539
5843
10541
5841
5840
10544
5838
5837
10547
5835
10549
5833
10551
5831
5830
10554
5828
10556
10557
10558
5824
5823
10561
10562
5820
10564
5818
5817
5816
5815
5814
10570
10571
5811
5810
10574
5808
10576
5806
10578
10579
10580
10581
10582
10583
10584
5798
10586
10587
10588
10589
5793
5792
5791
10593
10594
5788
10596
10597
10598
5784
10600
10601
10602
5780
10604
10605
10606
10607
10608
10609
10610
5772
5771
10613
5769
10615
10616
10617
5765
5764
5763
10621
10622
5760
5759
10625
5757
5756
5755
10629
10630
10631
5751
5750
10634
5748
5747
10637
5745
10639
10640
5742
10642
10643
5739
5738
10646
10647
5735
5734
10650
10651
10652
5730
5729
5728
10656
5726
10658
10659
5723
10661
10662
5720
5719
5718
5717
5716
5715
5714
10670
5712
10672
10673
5709
10675
5707
5706
10678
10679
10680
5702
5701
10683
5699
10685
10686
10687
5695
5694
5693
10691
10692
5690
5689
10695
5687
5686
5685
10699
5683
10701
10702
10703
5679
10705
5677
10707
5675
5674
10710
5672
5671
5670
5669
10715
10716
10717
10718
5664
5663
5662
5661
5660
5659
5658
5657
10727
10728
5654
5653
5652
5651
5650
5649
5648
10736
5646
5645
10739
10740
10741
5641
10743
5639
10745
10746
5636
5635
10749
10750
5632
5631
10753
10754
5628
5627
10757
5625
5624
10760
5622
10762
5620
5619
10765
10766
10767
10768
10769
5613
5612
5611
5610
5609
5608
10776
10777
10778
5604
5603
10781
5601
10783
5599
10785
5597
10787
10788
10789
5593
10791
10792
10793
10794
10795
5587
5586
5585
5584
5583
10801
10802
10803
5579
5578
10806
10807
5575
10809
5573
10811
5571
5570
5569
10815
10816
5566
10818
10819
5563
5562
10822
10823
5559
10825
5557
5556
10828
5554
5553
10831
10832
10833
10834
5548
5547
5546
5545
10839
5543
10841
5541
10843
5539
10845
10846
5536
10848
10849
5533
10851
10852
10853
10854
5528
10856
10857
5525
5524
10860
10861
5521
10863
10864
10865
10866
5516
5515
10869
10870
5512
5511
10873
10874
5508
10876
10877
5505
10879
5503
5502
10882
10883
10884
10885
5497
5496
5495
5494
5493
10891
5491
10893
10894
5488
10896
10897
10898
10899
10900
10901
5481
10903
5479
10905
5477
10907
10908
5474
10910
10911
5471
5470
10914
10915
5467
5466
5465
5464
5463
5462
5461
5460
5459
5458
10926
5456
5455
10929
10930
10931
10932
10933
10934
5448
10936
5446
10938
10939
10940
5442
10942
5440
5439
10945
10946
10947
10948
10949
10950
10951
10952
10953
5429
10955
10956
10957
5425
5424
10960
10961
10962
10963
10964
5418
5417
10967
5415
10969
5413
10971
5411
5410
5409
5408
10976
5406
10978
5404
10980
10981
10982
5400
10984
10985
10986
5396
5395
10989
5393
10991
10992
5390
5389
5388
5387
5386
10998
5384
5383
5382
11002
11003
11004
11005
5377
11007
11008
11009
11010
5372
5371
5370
5369
11015
11016
5366
11018
11019
11020
5362
11022
5360
5359
5358
11026
11027
5355
11029
5353
11031
11032
5350
11034
5348
11036
5346
5345
5344
11040
11041
11042
11043
11044
11045
11046
11047
5335
11049
11050
11051
11052
5330
11054
11055
11056
11057
11058
11059
11060
11061
11062
11063
11064
11065
11066
11067
11068
11069
11070
11071
5311
5310
5309
11075
5307
5306
11078
5304
5303
11081
11082
11083
5299
5298
5297
11087
11088
5294
11090
5292
5291
5290
5289
11095
11096
11097
5285
5284
11100
11101
11102
5280
11104
5278
5277
5276
5275
11109
11110
5272
5271
5270
11114
11115
5267
5266
11118
11119
5263
5262
5261
5260
11124
5258
5257
5256
11128
5254
11130
5252
11132
5250
5249
5248
11136
5246
11138
5244
5243
5242
5241
5240
11144
11145
11146
5236
11148
11149
5233
5232
11152
11153
11154
5228
11156
11157
11158
5224
11160
5222
11162
11163
5219
11165
11166
5216
5215
5214
5213
11171
5211
11173
5209
5208
5207
5206
11178
5204
5203
5202
5201
5200
11184
11185
5197
11187
11188
11189
11190
5192
5191
5190
5189
11195
5187
11197
11198
11199
5183
11201
5181
5180
11204
5178
5177
5176
11208
11209
5173
5172
5171
11213
11214
11215
5167
5166
5165
11219
11220
5162
11222
5160
11224
5158
11226
11227
5155
5154
11230
11231
5151
11233
11234
5148
11236
5146
11238
11239
11240
11241
11242
5140
11244
11245
11246
5136
11248
5134
11250
5132
5131
5130
5129
5128
5127
5126
5125
5124
11260
11261
11262
5120
11264
5118
5117
5116
5115
11269
5113
5112
11272
11273
5109
5108
5107
5106
5105
11279
5103
11281
11282
5100
5099
5098
11286
5096
5095
11289
11290
11291
11292
11293
5089
5088
5087
5086
11298
11299
11300
11301
5081
5080
11304
11305
11306
11307
5075
5074
11310
11311
11312
11313
11314
5068
5067
11317
11318
11319
11320
5062
5061
11323
5059
11325
5057
5056
11328
5054
5053
5052
11332
5050
5049
11335
5047
11337
11338
11339
5043
11341
11342
5040
11344
5038
5037
11347
11348
5034
5033
11351
5031
11353
11354
5028
11356
11357
11358
5024
5023
5022
11362
11363
5019
5018
11366
11367
5015
5014
5013
11371
11372
5010
11374
11375
5007
5006
11378
11379
11380
11381
11382
5000
4999
4998
4997
11387
4995
11389
4993
4992
11392
4990
4989
4988
4987
4986
4985
4984
11400
4982
4981
4980
11404
11405
11406
4976
11408
4974
11410
4972
4971
11413
11414
4968
4967
4966
4965
11419
11420
4962
11422
4960
4959
11425
11426
11427
11428
4954
4953
11431
11432
4950
11434
4948
4947
4946
4945
4944
11440
4942
4941
4940
4939
11445
4937
4936
11448
11449
4933
11451
4931
11453
4929
4928
11456
4926
11458
11459
4923
4922
11462
4920
4919
11465
4917
11467
11468
11469
4913
4912
4911
11473
4909
11475
4907
4906
11478
11479
11480
11481
11482
11483
4899
4898
11486
11487
11488
11489
11490
4892
4891
4890
11494
4888
4887
4886
11498
11499
11500
11501
11502
4880
4879
4878
11506
4876
11508
4874
11510
4872
4871
11513
11514
11515
11516
11517
11518
4864
4863
4862
4861
4860
11524
4858
11526
4856
11528
4854
11530
11531
11532
4850
11534
4848
11536
4846
4845
11539
4843
11541
11542
11543
4839
11545
4837
4836
11548
4834
11550
11551
4831
4830
11554
4828
4827
4826
11558
4824
4823
4822
4821
11563
11564
4818
4817
4816
4815
11569
4813
4812
4811
4810
4809
11575
11576
4806
11578
11579
11580
4802
4801
11583
11584
11585
11586
11587
11588
4794
4793
4792
4791
4790
4789
11595
4787
4786
4785
11599
11600
4782
11602
11603
4779
11605
4777
11607
4775
4774
4773
4772
11612
11613
4769
4768
4767
4766
11618
11619
11620
11621
4761
4760
11624
4758
11626
11627
4755
11629
11630
4752
11632
4750
11634
11635
11636
11637
11638
4744
11640
11641
4741
4740
4739
4738
4737
11647
11648
11649
4733
4732
11652
11653
4729
4728
11656
4726
11658
11659
4723
11661
11662
4720
11664
11665
4717
4716
11668
11669
11670
4712
11672
11673
11674
4708
11676
4706
11678
4704
4703
11681
11682
4700
11684
4698
4697
11687
4695
11689
11690
11691
4691
11693
11694
11695
4687
11697
4685
4684
11700
4682
4681
4680
4679
4678
11706
11707
11708
11709
11710
11711
4671
11713
11714
11715
11716
11717
11718
11719
4663
11721
11722
4660
11724
11725
11726
11727
4655
11729
11730
4652
11732
4650
4649
11735
4647
4646
11738
4644
4643
11741
4641
4640
4639
11745
11746
4636
11748
4634
4633
4632
11752
11753
11754
11755
11756
4626
4625
4624
4623
11761
4621
11763
11764
11765
11766
11767
4615
4614
11770
4612
11772
11773
11774
11775
4607
4606
4605
11779
11780
11781
4601
11783
4599
11785
11786
4596
11788
11789
11790
11791
11792
4590
4589
11795
4587
11797
11798
11799
11800
4582
11802
11803
11804
4578
4577
11807
11808
11809
4573
11811
11812
4570
4569
11815
11816
11817
4565
4564
11820
4562
4561
11823
4559
11825
11826
4556
11828
4554
11830
11831
11832
11833
4549
4548
11836
11837
4545
11839
4543
11841
4541
4540
11844
4538
11846
11847
11848
11849
4533
11851
4531
11853
11854
11855
4527
4526
11858
11859
11860
4522
11862
4520
4519
11865
11866
11867
4515
4514
4513
11871
4511
4510
4509
11875
11876
4506
4505
11879
4503
11881
11882
11883
4499
4498
11886
4496
11888
4494
11890
11891
4491
4490
4489
4488
4487
4486
4485
11899
11900
4482
4481
4480
11904
4478
11906
4476
11908
4474
11910
4472
4471
4470
11914
4468
11916
11917
11918
11919
4463
11921
11922
11923
4459
4458
4457
4456
11928
11929
4453
4452
11932
11933
4449
4448
11936
11937
11938
11939
4443
4442
11942
4440
11944
11945
4437
4436
4435
11949
11950
4432
11952
11953
11954
11955
11956
11957
4425
11959
11960
4422
11962
4420
4419
4418
11966
11967
11968
4414
11970
4412
4411
11973
4409
11975
11976
4406
11978
11979
4403
4402
11982
4400
4399
11985
4397
4396
11988
4394
4393
4392
11992
4390
4389
4388
4387
4386
4385
11999
4383
4382
4381
12003
4379
12005
4377
12007
4375
4374
12010
4372
12012
12013
4369
12015
4367
4366
12018
12019
4363
4362
4361
4360
4359
12025
12026
12027
12028
12029
4353
4352
4351
4350
12034
12035
12036
4346
4345
4344
12040
4342
12042
12043
12044
4338
4337
4336
12048
12049
4333
12051
12052
4330
12054
12055
4327
4326
4325
4324
4323
4322
12062
12063
12064
12065
4317
12067
4315
4314
12070
4312
4311
12073
4309
4308
4307
12077
4305
4304
4303
4302
12082
12083
12084
12085
12086
12087
4295
4294
12090
4292
4291
12093
12094
4288
12096
4286
12098
4284
4283
12101
12102
12103
4279
12105
4277
4276
12108
12109
4273
4272
12112
4270
12114
4268
4267
12117
4265
4264
12120
4262
12122
12123
12124
12125
12126
12127
4255
12129
4253
12131
12132
4250
4249
12135
4247
12137
4245
4244
4243
12141
12142
12143
12144
12145
4237
12147
4235
12149
12150
12151
12152
12153
4229
4228
12156
4226
4225
4224
4223
12161
4221
12163
4219
4218
4217
4216
4215
4214
4213
4212
4211
12173
12174
12175
12176
4206
12178
12179
4203
4202
4201
4200
12184
4198
12186
12187
12188
12189
12190
4192
4191
4190
12194
4188
4187
4186
4185
12199
4183
12201
4181
12203
4179
12205
12206
12207
12208
4174
12210
4172
4171
4170
4169
12215
12216
4166
12218
12219
12220
12221
12222
4160
12224
4158
12226
4156
4155
4154
4153
12231
12232
4150
12234
12235
4147
12237
12238
4144
4143
4142
12242
12243
12244
4138
12246
12247
4135
12249
12250
12251
12252
12253
12254
4128
12256
12257
4125
12259
12260
4122
4121
12263
4119
4118
4117
12267
12268
12269
4113
12271
12272
4110
12274
12275
4107
12277
12278
4104
4103
4102
12282
4100
4099
4098
4097
4096
4095
12289
4093
12291
12292
12293
12294
12295
4087
4086
4085
4084
12300
4082
4081
12303
4079
12305
12306
12307
12308
4074
4073
4072
4071
12313
4069
12315
12316
12317
4065
12319
12320
4062
4061
12323
4059
12325
12326
12327
4055
12329
12330
12331
4051
12333
12334
4048
4047
4046
4045
12339
4043
12341
4041
12343
4039
4038
4037
4036
12348
12349
4033
12351
4031
12353
12354
12355
12356
12357
4025
4024
4023
4022
4021
4020
4019
12365
12366
12367
4015
12369
12370
4012
4011
12373
4009
12375
4007
12377
4005
4004
12380
4002
4001
12383
3999
12385
3997
3996
12388
12389
12390
12391
3991
3990
3989
3988
3987
3986
3985
3984
12400
3982
12402
3980
12404
3978
3977
3976
12408
3974
12410
12411
3971
3970
12414
3968
12416
3966
3965
12419
12420
3962
3961
12423
12424
12425
12426
3956
12428
3954
3953
12431
3951
3950
3949
3948
3947
12437
12438
3944
3943
12441
12442
12443
12444
12445
3937
12447
12448
3934
3933
12451
3931
12453
12454
3928
12456
3926
12458
12459
3923
12461
3921
3920
12464
3918
12466
3916
3915
3914
3913
12471
12472
3910
12474
3908
12476
12477
12478
12479
3903
3902
12482
3900
12484
12485
3897
12487
3895
3894
3893
3892
12492
12493
3889
3888
3887
3886
3885
12499
12500
12501
12502
12503
3879
3878
12506
3876
3875
12509
3873
12511
3871
12513
3869
3868
12516
3866
12518
3864
12520
12521
3861
12523
12524
3858
3857
3856
12528
3854
3853
12531
12532
12533
12534
3848
3847
12537
12538
12539
3843
3842
3841
12543
3839
12545
3837
3836
12548
12549
12550
12551
3831
12553
3829
3828
3827
12557
12558
12559
12560
3822
3821
3820
12564
12565
12566
3816
3815
3814
12570
12571
3811
3810
12574
12575
12576
3806
3805
3804
12580
3802
3801
12583
12584
12585
12586
12587
3795
12589
3793
3792
12592
12593
12594
3788
3787
3786
3785
3784
12600
12601
12602
3780
3779
12605
3777
3776
12608
3774
12610
3772
12612
12613
12614
3768
12616
12617
3765
12619
3763
12621
3761
3760
12624
12625
3757
3756
12628
3754
3753
12631
3751
12633
3749
3748
3747
3746
12638
3744
3743
3742
3741
12643
12644
12645
12646
12647
12648
12649
3733
3732
3731
12653
3729
12655
12656
3726
12658
12659
3723
3722
3721
3720
3719
3718
3717
3716
3715
12669
3713
12671
3711
3710
3709
12675
12676
12677
3705
12679
3703
3702
12682
3700
3699
12685
3697
12687
12688
3694
12690
12691
3691
3690
12694
3688
3687
12697
12698
12699
3683
12701
12702
12703
3679
3678
3677
12707
12708
12709
3673
3672
12712
12713
12714
12715
12716
12717
3665
3664
12720
3662
3661
12723
3659
12725
3657
12727
12728
12729
12730
3652
3651
3650
3649
12735
3647
3646
3645
3644
3643
3642
12742
12743
12744
3638
3637
12747
3635
3634
12750
12751
3631
12753
12754
12755
12756
12757
12758
3624
3623
12761
3621
3620
12764
3618
3617
3616
12768
3614
3613
3612
12772
3610
3609
3608
12776
3606
12778
3604
3603
12781
3601
3600
3599
3598
3597
3596
3595
3594
3593
12791
12792
12793
3589
3588
3587
3586
12798
3584
12800
12801
12802
12803
12804
3578
3577
12807
3575
12809
3573
12811
12812
3570
3569
3568
12816
12817
3565
3564
12820
12821
12822
12823
12824
3558
12826
3556
3555
3554
12830
12831
3551
3550
12834
12835
12836
3546
12838
3544
12840
12841
3541
12843
12844
3538
3537
3536
3535
3534
3533
3532
3531
12853
3529
3528
12856
12857
3525
12859
12860
3522
12862
3520
12864
12865
12866
3516
3515
12869
12870
12871
12872
12873
3509
12875
12876
12877
3505
12879
3503
3502
12882
3500
3499
3498
12886
3496
3495
3494
12890
12891
12892
3490
12894
12895
12896
12897
12898
3484
3483
3482
12902
12903
12904
12905
12906
3476
12908
3474
3473
3472
12912
12913
12914
3468
12916
12917
3465
3464
3463
3462
12922
3460
3459
3458
12926
12927
3455
12929
3453
3452
12932
12933
3449
12935
3447
12937
3445
12939
3443
3442
3441
12943
3439
3438
3437
3436
12948
12949
12950
12951
12952
3430
12954
12955
12956
3426
12958
3424
12960
3422
3421
3420
12964
3418
3417
3416
3415
12969
12970
12971
3411
12973
3409
12975
12976
12977
12978
3404
12980
12981
12982
12983
12984
12985
3397
12987
3395
12989
12990
3392
12992
12993
3389
3388
3387
12997
12998
12999
3383
13001
3381
3380
3379
13005
13006
3376
3375
3374
13010
3372
3371
3370
13014
13015
3367
13017
13018
13019
13020
13021
3361
3360
3359
3358
13026
3356
3355
3354
3353
3352
13032
3350
13034
13035
3347
3346
13038
13039
13040
3342
13042
3340
3339
13045
3337
13047
13048
13049
3333
13051
3331
13053
3329
3328
3327
3326
13058
3324
3323
13061
13062
13063
13064
13065
13066
13067
13068
13069
13070
13071
13072
13073
13074
3308
3307
13077
13078
13079
13080
13081
3301
3300
13084
3298
13086
13087
13088
3294
3293
13091
3291
13093
13094
13095
13096
3286
3285
3284
13100
3282
13102
3280
13104
3278
13106
13107
13108
13109
13110
3272
13112
13113
13114
3268
3267
3266
13118
13119
3263
3262
13122
13123
13124
13125
13126
3256
13128
13129
13130
3252
13132
13133
13134
3248
13136
13137
3245
13139
13140
3242
13142
13143
3239
13145
3237
3236
3235
13149
3233
13151
13152
3230
13154
13155
13156
13157
13158
3224
3223
13161
13162
13163
13164
13165
3217
3216
13168
3214
3213
3212
3211
3210
3209
3208
3207
13177
3205
13179
3203
3202
3201
13183
13184
3198
3197
13187
13188
3194
13190
3192
3191
13193
13194
13195
13196
13197
3185
13199
13200
13201
13202
3180
13204
3178
13206
13207
3175
3174
13210
13211
13212
3170
13214
13215
13216
3166
13218
3164
3163
3162
3161
13223
3159
13225
3157
13227
3155
3154
3153
3152
13232
13233
3149
13235
13236
13237
3145
3144
13240
13241
3141
3140
3139
13245
3137
3136
13248
13249
3133
13251
13252
3130
13254
13255
13256
3126
3125
13259
13260
13261
3121
13263
3119
13265
13266
13267
3115
13269
3113
3112
3111
13273
3109
3108
13276
13277
3105
13279
3103
13281
13282
3100
3099
13285
13286
13287
13288
13289
3093
13291
3091
3090
3089
3088
13296
13297
3085
3084
13300
13301
3081
13303
3079
13305
13306
13307
3075
13309
3073
13311
13312
13313
13314
13315
13316
13317
3065
13319
3063
3062
13322
3060
3059
13325
3057
13327
13328
3054
3053
3052
13332
3050
13334
13335
3047
3046
13338
13339
3043
3042
3041
3040
13344
13345
3037
13347
3035
3034
13350
3032
13352
3030
13354
3028
13356
13357
13358
13359
3023
13361
3021
13363
13364
13365
13366
13367
13368
3014
13370
3012
13372
3010
3009
13375
3007
3006
13378
13379
13380
13381
13382
3000
2999
2998
2997
13387
13388
13389
13390
13391
2991
2990
2989
2988
2987
13397
13398
13399
13400
13401
2981
13403
13404
2978
13406
13407
13408
2974
13410
13411
13412
2970
13414
13415
2967
2966
2965
13419
13420
2962
13422
2960
13424
13425
2957
13427
13428
13429
2953
13431
13432
2950
2949
2948
13436
13437
13438
13439
2943
2942
2941
13443
2939
13445
13446
2936
2935
13449
2933
13451
2931
13453
2929
2928
2927
13457
2925
2924
13460
13461
2921
13463
2919
2918
13466
2916
13468
2914
13470
2912
13472
13473
13474
2908
2907
2906
13478
13479
2903
13481
13482
13483
2899
13485
13486
2896
2895
13489
13490
2892
2891
13493
13494
13495
2887
13497
2885
13499
13500
2882
2881
13503
13504
2878
2877
2876
13508
2874
2873
13511
13512
2870
2869
2868
2867
13517
13518
13519
13520
2862
2861
13523
2859
13525
13526
2856
13528
2854
13530
13531
2851
13533
13534
2848
13536
2846
2845
2844
2843
13541
13542
13543
13544
13545
2837
2836
13548
13549
2833
2832
2831
2830
13554
13555
13556
2826
13558
2824
13560
13561
2821
2820
13564
2818
13566
2816
13568
2814
2813
13571
2811
2810
2809
2808
2807
2806
2805
13579
2803
2802
2801
2800
13584
2798
13586
13587
2795
13589
13590
2792
13592
2790
2789
2788
2787
13597
2785
13599
2783
13601
13602
2780
2779
13605
2777
2776
2775
2774
13610
13611
2771
13613
13614
2768
2767
13617
2765
13619
13620
13621
13622
2760
2759
2758
2757
13627
13628
13629
13630
13631
2751
2750
13634
2748
2747
2746
13638
13639
2743
2742
2741
13643
2739
2738
2737
13647
2735
13649
2733
2732
13652
2730
13654
2728
2727
13657
2725
13659
2723
2722
2721
2720
13664
2718
2717
2716
2715
2714
13670
13671
13672
13673
2709
2708
13676
2706
13678
13679
13680
13681
2701
13683
13684
13685
2697
13687
2695
2694
2693
2692
2691
2690
13694
13695
2687
2686
13698
2684
13700
13701
2681
2680
2679
2678
13706
13707
13708
13709
2673
13711
2671
2670
2669
13715
13716
13717
13718
13719
13720
2662
2661
2660
13724
2658
13726
13727
13728
13729
2653
13731
2651
13733
13734
13735
13736
13737
2645
13739
2643
2642
13742
13743
13744
2638
2637
13747
13748
13749
2633
2632
2631
2630
13754
2628
2627
13757
2625
13759
2623
2622
2621
13763
13764
2618
13766
13767
13768
13769
13770
13771
2611
13773
2609
2608
2607
13777
13778
2604
2603
13781
13782
13783
2599
2598
2597
13787
2595
2594
2593
13791
2591
2590
2589
13795
2587
13797
13798
13799
13800
13801
2581
2580
2579
2578
13806
2576
13808
2574
2573
13811
2571
13813
2569
2568
2567
13817
2565
13819
2563
2562
2561
13823
2559
13825
13826
13827
13828
2554
2553
2552
2551
2550
13834
2548
13836
2546
13838
13839
13840
13841
2541
2540
13844
13845
2537
13847
2535
2534
13850
13851
2531
2530
2529
2528
2527
2526
2525
2524
13860
13861
2521
13863
13864
13865
13866
13867
2515
2514
13870
13871
13872
13873
13874
2508
13876
13877
2505
13879
13880
13881
13882
13883
2499
2498
13886
13887
2495
13889
2493
2492
2491
2490
13894
2488
2487
2486
13898
13899
2483
13901
2481
13903
2479
13905
13906
2476
2475
2474
13910
13911
13912
13913
13914
2468
2467
13917
13918
13919
2463
2462
13922
2460
2459
2458
2457
13927
2455
13929
13930
2452
13932
13933
13934
13935
2447
2446
2445
13939
13940
13941
2441
13943
2439
2438
2437
2436
13948
2434
13950
13951
2431
13953
2429
2428
2427
2426
13958
13959
2423
2422
13962
13963
13964
2418
13966
2416
13968
13969
2413
2412
2411
2410
2409
13975
13976
13977
13978
2404
2403
13981
13982
2400
2399
13985
13986
2396
13988
13989
2393
13991
2391
13993
2389
13995
13996
2386
2385
13999
14000
2382
2381
14003
14004
2378
14006
2376
2375
14009
14010
2372
14012
2370
14014
14015
2367
2366
14018
14019
14020
14021
14022
2360
2359
14025
14026
2356
2355
2354
2353
14031
14032
14033
2349
14035
2347
14037
2345
2344
14040
2342
14042
14043
14044
14045
14046
2336
14048
2334
14050
2332
14052
2330
2329
14055
14056
14057
2325
14059
2323
2322
14062
14063
14064
14065
2317
2316
14068
14069
2313
14071
2311
14073
14074
14075
2307
14077
2305
14079
14080
14081
2301
14083
2299
2298
2297
2296
2295
2294
14090
2292
2291
2290
14094
14095
2287
2286
2285
14099
14100
14101
14102
2280
14104
14105
2277
2276
2275
14109
2273
14111
14112
14113
14114
2268
2267
2266
2265
2264
2263
14121
2261
2260
2259
2258
14126
14127
2255
2254
2253
2252
2251
2250
14134
14135
14136
2246
2245
14139
2243
14141
14142
14143
2239
2238
14146
14147
14148
14149
14150
2232
14152
2230
2229
14155
14156
2226
14158
14159
14160
14161
2221
2220
14164
2218
14166
2216
14168
14169
2213
14171
14172
14173
2209
14175
2207
14177
14178
14179
2203
14181
14182
2200
14184
14185
2197
14187
2195
14189
14190
14191
2191
2190
14194
2188
14196
2186
14198
2184
14200
14201
14202
14203
2179
14205
2177
2176
2175
2174
2173
14211
14212
14213
14214
14215
14216
2166
2165
2164
2163
2162
2161
2160
14224
2158
2157
14227
14228
2154
14230
2152
2151
2150
2149
2148
14236
2146
14238
2144
14240
14241
14242
14243
14244
14245
2137
2136
14248
2134
14250
14251
2131
14253
2129
2128
14256
14257
14258
2124
14260
14261
2121
2120
14264
14265
14266
2116
14268
2114
2113
14271
14272
2110
2109
14275
2107
2106
2105
2104
2103
2102
2101
14283
2099
14285
14286
14287
2095
2094
14290
14291
2091
2090
14294
2088
14296
2086
14298
14299
14300
2082
14302
2080
2079
2078
14306
2076
14308
14309
2073
2072
2071
14313
14314
2068
14316
2066
2065
14319
14320
14321
2061
2060
14324
14325
2057
2056
14328
14329
14330
14331
2051
14333
2049
14335
2047
14337
2045
2044
14340
2042
2041
14343
2039
2038
2037
14347
14348
2034
2033
2032
2031
2030
14354
2028
2027
2026
14358
14359
14360
2022
2021
14363
14364
14365
2017
2016
2015
14369
14370
14371
14372
14373
14374
2008
2007
14377
14378
14379
14380
14381
14382
2000
14384
14385
1997
1996
14388
14389
1993
14391
14392
14393
14394
1988
14396
1986
1985
14399
14400
1982
1981
14403
14404
1978
14406
1976
1975
1974
14410
1972
1971
1970
1969
1968
1967
14417
14418
14419
1963
1962
14422
14423
1959
14425
1957
1956
14428
1954
1953
1952
1951
14433
1949
1948
14436
14437
14438
14439
1943
14441
1941
14443
14444
14445
14446
14447
1935
1934
1933
14451
14452
14453
1929
14455
1927
1926
1925
14459
14460
14461
14462
14463
14464
14465
14466
14467
14468
14469
14470
1912
1911
14473
1909
14475
14476
14477
1905
1904
1903
1902
1901
1900
14484
1898
14486
14487
1895
14489
14490
1892
14492
14493
1889
14495
1887
1886
1885
1884
1883
1882
1881
1880
1879
1878
1877
1876
1875
14509
14510
1872
1871
1870
1869
1868
1867
1866
1865
14519
1863
1862
14522
14523
14524
1858
1857
1856
14528
1854
1853
1852
1851
1850
1849
1848
14536
14537
14538
14539
1843
1842
14542
14543
14544
1838
14546
1836
14548
1834
1833
1832
14552
14553
14554
14555
1827
14557
14558
1824
1823
1822
14562
1820
14564
14565
1817
14567
14568
14569
14570
1812
1811
14573
14574
14575
14576
1806
1805
1804
14580
14581
1801
1800
14584
1798
14586
1796
1795
1794
1793
1792
1791
14593
1789
1788
1787
1786
1785
14599
14600
1782
1781
14603
1779
14605
14606
14607
14608
14609
14610
1772
14612
1770
14614
14615
14616
1766
14618
14619
1763
1762
1761
1760
1759
14625
1757
1756
1755
14629
14630
1752
1751
1750
1749
1748
1747
1746
1745
1744
14640
1742
14642
1740
14644
1738
14646
14647
14648
14649
14650
14651
1731
14653
1729
14655
14656
14657
1725
1724
14660
14661
14662
1720
1719
1718
14666
14667
1715
1714
1713
1712
14672
1710
14674
14675
14676
1706
14678
14679
14680
14681
1701
1700
1699
1698
14686
14687
14688
14689
14690
1692
14692
1690
14694
14695
14696
14697
14698
14699
14700
14701
14702
1680
14704
1678
14706
14707
14708
14709
1673
14711
1671
1670
14714
14715
14716
14717
1665
1664
1663
1662
1661
1660
1659
1658
1657
1656
14728
1654
1653
14731
14732
1650
1649
1648
14736
1646
1645
14739
14740
1642
1641
14743
14744
14745
14746
1636
14748
14749
1633
1632
1631
1630
14754
14755
1627
14757
1625
14759
1623
1622
14762
14763
14764
1618
1617
14767
14768
14769
14770
1612
1611
14773
14774
14775
14776
14777
1605
1604
1603
1602
1601
1600
1599
14785
14786
1596
1595
1594
14790
1592
1591
1590
1589
14795
14796
1586
14798
1584
1583
14801
14802
1580
14804
1578
14806
14807
1575
1574
1573
1572
14812
14813
1569
1568
14816
14817
14818
1564
1563
1562
1561
14823
14824
14825
14826
1556
1555
1554
14830
1552
1551
14833
14834
1548
14836
14837
14838
1544
14840
1542
14842
14843
14844
14845
1537
1536
1535
1534
1533
1532
1531
1530
14854
14855
14856
14857
14858
14859
14860
14861
14862
14863
1519
14865
1517
14867
1515
14869
1513
1512
14872
14873
14874
1508
1507
14877
1505
14879
14880
14881
1501
1500
14884
1498
1497
14887
14888
1494
1493
14891
14892
1490
1489
14895
14896
14897
1485
1484
1483
14901
14902
1480
1479
14905
14906
14907
1475
14909
1473
14911
14912
14913
14914
1468
1467
1466
1465
14919
1463
1462
1461
14923
14924
1458
14926
14927
1455
1454
14930
1452
1451
14933
14934
1448
1447
14937
1445
1444
1443
14941
1441
1440
1439
1438
14946
14947
14948
14949
14950
1432
14952
14953
14954
1428
14956
14957
1425
14959
14960
14961
1421
1420
1419
14965
1417
14967
1415
1414
14970
14971
1411
1410
1409
14975
1407
14977
1405
1404
14980
1402
1401
14983
1399
14985
1397
14987
1395
1394
14990
14991
1391
14993
14994
1388
14996
14997
14998
14999
15000
15001
1381
15003
1379
1378
15006
15007
1375
1374
1373
1372
15012
15013
1369
15015
15016
15017
1365
1364
1363
1362
15022
15023
15024
1358
1357
1356
1355
1354
15030
15031
1351
1350
1349
15035
1347
15037
15038
1344
15040
15041
15042
15043
15044
15045
1337
1336
1335
15049
1333
15051
1331
1330
1329
1328
15056
15057
15058
15059
1323
1322
15062
15063
15064
1318
1317
15067
1315
1314
1313
15071
1311
15073
15074
15075
1307
1306
15078
15079
1303
15081
1301
1300
1299
1298
1297
15087
1295
1294
1293
15091
15092
1290
1289
15095
1287
1286
1285
1284
1283
1282
1281
1280
15104
1278
15106
1276
1275
1274
15110
1272
15112
15113
15114
15115
1267
15117
15118
15119
15120
1262
1261
1260
1259
1258
1257
1256
15128
1254
1253
15131
15132
15133
15134
1248
1247
15137
1245
15139
1243
1242
1241
1240
15144
1238
1237
1236
1235
1234
15150
15151
15152
15153
15154
15155
15156
15157
15158
1224
1223
15161
15162
15163
15164
1218
1217
1216
15168
15169
1213
1212
1211
15173
1209
1208
15176
1206
1205
1204
1203
15181
15182
15183
1199
15185
15186
1196
1195
15189
15190
1192
15192
1190
15194
1188
15196
1186
15198
15199
15200
1182
15202
1180
1179
15205
15206
15207
15208
15209
15210
15211
1171
1170
1169
1168
1167
1166
1165
15219
1163
1162
1161
15223
15224
1158
15226
1156
1155
1154
1153
15231
15232
1150
1149
15235
1147
15237
1145
15239
1143
1142
15242
1140
15244
1138
1137
1136
1135
1134
1133
1132
1131
1130
15254
15255
1127
15257
15258
15259
15260
15261
1121
15263
15264
1118
1117
1116
15268
15269
15270
1112
1111
15273
1109
15275
15276
15277
15278
1104
1103
15281
15282
1100
15284
1098
1097
15287
1095
1094
15290
15291
15292
15293
15294
15295
15296
1086
15298
1084
15300
1082
1081
15303
1079
1078
15306
15307
15308
1074
15310
15311
1071
15313
15314
15315
1067
15317
1065
15319
1063
1062
15322
15323
15324
1058
1057
1056
1055
15329
15330
15331
1051
15333
15334
15335
1047
15337
15338
1044
1043
1042
1041
15343
1039
1038
15346
15347
15348
15349
1033
1032
1031
1030
1029
15355
1027
15357
15358
15359
1023
1022
15362
1020
15364
15365
1017
15367
15368
15369
1013
15371
1011
15373
15374
15375
15376
15377
1005
1004
15380
1002
15382
15383
999
998
997
15387
995
994
993
15391
15392
990
989
15395
987
986
15398
984
15400
15401
981
15403
15404
15405
15406
15407
975
974
15410
15411
971
15413
15414
15415
967
966
965
964
15420
15421
15422
15423
15424
958
957
15427
955
15429
15430
15431
951
15433
15434
948
947
15437
15438
944
943
15441
15442
940
939
938
15446
15447
935
15449
933
15451
931
930
15454
928
15456
15457
925
15459
923
922
15462
15463
15464
918
15466
916
915
914
15470
912
911
910
909
908
907
906
905
904
15480
902
901
900
899
898
15486
896
895
15489
893
15491
891
15493
889
888
15496
886
15498
884
883
882
15502
880
879
878
15506
876
15508
15509
873
872
15512
15513
15514
868
15516
866
865
15519
863
15521
861
15523
15524
858
857
15527
855
854
15530
852
851
850
15534
848
15536
15537
845
844
843
15541
841
840
15544
15545
15546
836
15548
834
833
15551
15552
15553
15554
15555
827
15557
15558
15559
823
15561
15562
820
819
818
15566
15567
815
814
15570
812
811
810
15574
808
15576
15577
805
804
15580
802
801
800
15584
798
15586
15587
15588
15589
793
792
791
15593
15594
788
787
15597
785
784
15600
15601
781
780
779
15605
777
15607
15608
774
15610
15611
771
15613
769
768
15616
766
15618
764
15620
15621
15622
15623
15624
758
757
15627
15628
754
753
752
15632
750
749
15635
747
746
745
15639
15640
742
741
740
15644
738
15646
736
15648
15649
15650
732
731
15653
729
15655
727
726
725
724
723
15661
721
15663
719
15665
717
15667
715
714
15670
712
15672
710
709
15675
15676
15677
15678
704
703
15681
701
15683
699
15685
15686
696
15688
15689
15690
15691
691
15693
689
15695
687
15697
685
684
15700
682
681
15703
679
15705
677
676
15708
15709
673
672
15712
670
669
668
15716
15717
15718
15719
15720
15721
661
15723
659
658
657
656
655
654
15730
15731
15732
15733
649
648
647
646
645
644
643
642
641
15743
15744
15745
15746
15747
635
634
633
632
15752
15753
629
15755
627
15757
15758
15759
15760
622
621
15763
15764
15765
617
15767
15768
614
15770
612
611
15773
609
15775
15776
15777
15778
604
15780
602
601
600
15784
598
15786
15787
15788
594
593
15791
15792
590
15794
15795
587
586
15798
584
15800
15801
581
15803
15804
578
577
576
15808
15809
15810
15811
571
15813
15814
15815
15816
15817
565
564
15820
15821
15822
560
559
15825
557
15827
15828
554
15830
15831
15832
550
15834
15835
547
546
15838
15839
543
542
15842
15843
15844
538
15846
15847
15848
15849
533
15851
531
15853
15854
528
527
526
525
524
15860
15861
521
15863
15864
518
517
516
515
514
513
512
511
510
15874
15875
15876
506
505
504
503
502
15882
500
499
15885
497
15887
495
494
15890
492
491
490
489
488
15896
15897
485
484
483
482
481
480
15904
15905
477
15907
15908
15909
15910
15911
15912
470
15914
15915
15916
15917
15918
15919
15920
15921
15922
15923
15924
15925
15926
15927
455
454
15930
15931
15932
450
15934
15935
15936
446
15938
15939
443
442
15942
15943
15944
438
15946
436
15948
15949
15950
432
15952
430
429
15955
427
426
425
15959
423
422
421
420
15964
418
15966
15967
15968
414
15970
15971
15972
15973
15974
15975
15976
406
405
15979
15980
15981
401
15983
399
15985
15986
396
15988
15989
393
392
15992
15993
15994
388
15996
386
15998
15999
16000
16001
16002
380
379
16005
16006
376
16008
16009
16010
372
16012
16013
16014
16015
16016
16017
16018
16019
363
16021
361
16023
359
358
357
356
16028
354
16030
352
351
350
349
16035
347
16037
16038
344
16040
16041
341
340
16044
16045
16046
16047
16048
16049
16050
332
331
16053
329
328
16056
326
325
16059
16060
322
16062
16063
319
318
317
16067
315
16069
16070
16071
311
16073
16074
16075
16076
16077
305
16079
303
302
301
300
299
298
297
16087
16088
294
293
16091
291
290
16094
288
16096
286
285
16099
16100
16101
281
280
279
16105
277
276
16108
274
273
16111
271
16113
16114
268
16116
16117
265
16119
16120
16121
16122
16123
259
16125
257
256
255
254
16130
252
16132
250
16134
16135
247
246
16138
16139
16140
242
16142
16143
16144
238
237
16147
235
16149
16150
232
16152
16153
16154
16155
16156
16157
16158
224
223
16161
221
220
219
16165
217
216
16168
214
16170
16171
16172
210
16174
208
16176
16177
16178
16179
203
202
201
16183
199
198
197
196
16188
16189
193
192
16192
16193
16194
16195
187
16197
185
16199
183
182
16202
16203
179
178
177
176
16208
174
173
16211
16212
16213
16214
168
167
16217
16218
16219
16220
16221
161
160
159
16225
16226
156
16228
154
16230
16231
151
150
16234
16235
147
146
145
16239
16240
142
141
16243
16244
138
16246
16247
16248
134
133
132
131
130
129
16255
16256
16257
125
124
16260
122
16262
120
119
118
117
116
115
114
113
112
16272
16273
109
108
107
106
16278
16279
103
102
16282
100
16284
16285
16286
16287
16288
94
16290
16291
91
16293
16294
88
16296
16297
85
84
16300
16301
16302
16303
79
16305
16306
76
75
16309
16310
72
16312
16313
16314
16315
16316
16317
16318
16319
16320
62
61
16323
59
16325
16326
56
55
54
16330
16331
51
16333
16334
16335
16336
16337
45
44
16340
42
16342
16343
16344
38
37
16347
16348
16349
16350
16351
31
16353
29
16355
27
26
25
24
16360
22
16362
16363
19
18
16366
16367
16368
16369
13
16371
11
10
16374
16375
16376
6
5
4
3
2
16382
0
